;thetaS;thetaR;alpha;n;m;resid;NrIter
0;0.907891907657;0.0295125209993;6.54265823446;2.85655352251;0.0812551102149;0.0121333998146;36.0
1;0.557311022154;0.0;9.1646801329;0.711957196762;0.318951391061;0.00225780562654;42.0
2;0.940921311287;0.0198112748537;5.45539857467;4.44030814144;0.0816746722073;0.0125295897257;40.0
3;0.754219774904;0.0;0.622828861044;0.407744327998;0.766027793679;0.00660648207118;45.0
4;0.939660570697;0.0842161811786;10.0;0.723080912989;0.533425668035;0.00802484404897;64.0
5;0.722242437091;0.0;9.02049445122;0.429143573172;0.453415080999;0.0193826580789;37.0
6;0.716666104944;0.0;0.6583099623;0.404175844538;0.722783181446;0.00243809672991;49.0
7;0.625548097433;0.0;0.0107614278096;0.500013734002;0.993617604018;0.0012614730549;100.0
8;0.583750551843;0.0;0.0135042075502;0.470729176013;1.0;0.00488637259773;90.0
9;0.911769436628;0.0;9.80193235872;0.665957690233;0.237560309101;0.00989585635277;32.0
10;0.62887242978;0.0;0.393473450702;0.355231130843;0.590827984971;0.00147622621636;41.0
11;0.676806424452;0.0;0.0289578558222;0.373347084661;1.0;0.00375169967551;68.0
12;0.542678916894;0.0665416957713;0.171916169782;0.513731541798;0.69763414739;0.001186749043;43.0
13;0.947465348391;0.0299113452141;4.74258682675;4.893228748;0.097160601771;0.0453750086709;35.0
14;0.69155664362;0.0;0.153332327219;0.377943819755;0.755987108801;0.000694220214714;34.0
15;0.944600021525;0.0370784621081;4.30559988423;5.46165045436;0.076327431439;0.0345940794967;36.0
16;;;1.0;1.5;0.333333333333;;2.0
17;0.727062075853;0.00669398146881;0.170733594187;0.396289628543;1.0;0.00408371961417;77.0
18;0.634402752185;0.0;0.02006161122;0.38668379591;1.0;0.00910829945065;43.0
19;0.933146761691;0.0440590052828;7.11655027546;3.697705821;0.089826591262;0.0349424040873;40.0
20;0.936883188855;0.0337430807342;4.71668015046;4.53365401502;0.0721994563855;0.00236890723639;49.0
21;0.594365118146;0.0;0.179451726185;0.436118665347;0.832226143664;0.0011378606013;43.0
22;0.592602417007;0.0;0.0138796586066;0.439890489794;1.0;0.00487410900032;59.0
23;0.923043675508;0.03364466976;8.06200193796;3.73367521345;0.103260955851;0.0302548768883;38.0
24;0.584157307673;0.0;0.0142693547465;0.317267082252;1.0;0.007448803007;78.0
25;0.706848744983;0.0;10.0;0.456315544353;0.307127493642;0.00941149119505;35.0
26;0.722453113033;0.0;1.37016378622;0.358436298468;0.573424321797;0.007413006149;50.0
27;0.924583368807;0.0363973952533;9.30262051675;3.12225557833;0.118963918311;0.0294125729405;45.0
28;0.635792146124;0.0;0.0653736157623;0.303867013426;0.999426738759;0.00359421306298;59.0
29;0.863189401115;0.0;0.0456827267892;0.348387928856;1.0;0.00796247562009;39.0
30;0.578088960933;0.0;10.0;0.602673863011;0.310907427441;0.00224601918466;37.0
31;0.653745619635;0.0431685768009;10.0;0.838411073292;0.277867629051;0.00457926745046;33.0
32;0.628887238547;0.0;0.0190052391001;0.467152356946;1.0;0.00294262354044;52.0
33;0.754612813569;0.0;10.0;0.570727641849;0.345272066452;0.00322508078818;44.0
34;0.927833636217;0.0387356175826;9.99999619108;3.00768231048;0.0868718031039;0.0268461293522;44.0
35;0.653434134221;0.0;0.0601342492528;0.372133130064;1.0;0.00156116331361;36.0
36;0.932220316067;0.0423971699541;10.0;1.37412083257;0.203171461312;0.022201339162;38.0
37;0.780318238822;0.0;0.144684961337;0.37827822525;1.0;0.00665952118802;32.0
38;0.561150509801;0.0;0.0908723966326;0.385001725187;0.853061352933;0.00319015328972;74.0
39;0.594940804164;0.0;0.0694062666418;0.417454641025;1.0;0.000509799249479;79.0
40;0.931268534054;0.0414304812786;10.0;2.84761481074;0.119655018087;0.0329657322699;39.0
41;0.5998844011;0.0693396030438;2.84296166964;0.587001775225;0.468284153443;0.00337032210981;36.0
42;0.947120832377;0.0392944692433;5.19213055222;4.88602810876;0.106511351224;0.040904584196;36.0
43;0.631303894054;0.0;0.152550247928;0.4780447279;0.540275316234;0.00100462241948;70.0
44;0.510748494196;0.0;0.01;0.45978380162;0.926698897205;0.001930468642;78.0
45;0.511150420391;0.0;1.99675104762;1.85959533944;0.106100312829;0.000207707231948;49.0
46;0.479271156856;0.0;0.0227483334133;0.414054663934;1.0;0.00129591993384;93.0
47;0.950750283992;0.0597291962801;10.0;0.822925859679;0.625458506791;0.00788267169789;32.0
48;0.933100575344;0.0869583693595;10.0;0.633690034415;0.645234290947;0.0243160467411;43.0
49;0.503429251999;0.032222184402;0.0272389868816;0.683653587043;0.99999993697;0.00406955060403;73.0
50;;;1.0;1.5;0.333333333333;0.0;2.0
51;0.649177230728;0.0996509617726;0.186483721383;0.816058500491;0.370837401105;0.000843565820473;56.0
52;0.691080309209;0.107121753388;0.0258794141303;0.476415553962;0.902662840128;0.00272043529117;90.0
53;0.972588833929;0.0607618594468;10.0;0.564906934637;0.590843781963;0.025299090308;43.0
54;0.965236933277;0.050551409035;10.0;0.559593597855;0.586002469366;0.0301303063416;43.0
55;0.683740690662;0.0;0.102434728605;0.353584701562;0.910458069894;0.000856526743719;33.0
56;0.947564402068;0.0453502120296;7.16740310937;3.53123144262;0.0882231957901;0.0455658354866;40.0
57;0.484606387951;0.0;0.0152691796529;0.505340447969;1.0;0.00622958428106;43.0
58;0.394214663423;0.0;0.041356468258;0.525652280444;1.0;0.00120002542822;55.0
59;0.804314830433;0.0637974889117;8.33913224052;3.4503186498;0.0664438372714;0.0113870372021;47.0
60;0.567526303393;0.0;3.64725282268;0.698158591206;0.283783364164;0.00124558603495;100.0
61;0.739603491316;0.0;10.0;0.417316912883;0.350848140111;0.0106608460677;37.0
62;0.533075112805;0.0;0.571376357436;0.380138576243;0.600605887002;0.000860152400951;65.0
63;0.924803446945;0.0470449566005;10.0;1.17185443787;0.184446646702;0.0329501335744;44.0
64;0.459923302583;0.0;0.01;0.369535485297;0.842392608124;0.00483767993303;32.0
65;0.537957998452;0.0;0.0101069386401;0.537027640887;0.902502851175;0.00637805356242;60.0
66;0.932501647817;0.0;0.192837078376;0.380150268013;0.630431496099;0.0184814542637;83.0
67;0.595787181744;0.02593120072;0.609916607769;0.748312928288;0.346059735146;0.00198580418059;24.0
68;0.539270496076;0.0;1.10793726215;1.69704051027;0.184551235295;0.00571571841166;38.0
69;0.616848776965;0.0;2.99081280136;0.447172639309;0.508502105285;0.00568971969635;41.0
70;0.894078742723;0.0300209734073;9.90730638291;2.4799646175;0.106135402832;0.00900573939786;30.0
71;0.622385405857;0.013821427876;6.8895225823;0.579309260954;0.355688604677;0.0010093567314;100.0
72;0.618256445522;0.0;2.77661128209;0.502946895522;0.474922437188;0.00449858335556;49.0
73;0.891417754942;0.0449188210379;9.44290462875;3.13145183102;0.100402746923;0.0179568654326;35.0
74;0.63294591301;0.0162832080505;10.0;0.579238540375;0.428149072962;0.0078304664033;36.0
75;0.961488952789;0.0117869568723;7.96786067416;3.84511308004;0.123039650665;0.0288886919806;40.0
76;0.51440493523;0.0410707589414;0.468509145265;0.422783630979;0.954624523118;0.00210783111783;61.0
77;0.668545405661;0.0669779388738;0.199494208873;0.525350080672;0.731722288399;0.0021425098506;39.0
78;0.667860629415;0.0317805110196;0.0774600233487;0.574191404107;1.0;0.00328638719642;66.0
79;0.889818572154;0.0705897371838;7.32322573268;2.98070932624;0.08713387679;0.00328197321368;37.0
80;0.54554843644;0.0;0.0251413109672;0.472009584637;1.0;0.00154693013185;43.0
81;0.783161176681;0.0;0.0882940801991;0.29648097303;1.0;0.0161187927942;46.0
82;0.931685521264;0.0440843375558;10.0;2.40813199231;0.143247712482;0.031300988658;42.0
83;0.663471462047;0.0840737648515;0.0798560132297;0.38323305959;1.0;0.00389996128879;68.0
84;0.547761966959;0.0587749218411;0.0726373312831;2.87325235554;0.159001624856;5.75160732662e-05;52.0
85;0.955022408548;0.0;4.64330976947;0.552782367109;0.31750422457;0.0122403151197;100.0
86;0.543098387451;0.0669486537742;0.10383141173;1.56004830301;0.31814365124;0.00483489757539;51.0
87;0.84724797659;0.06999065207;10.0;1.90285373338;0.149074609058;0.00315756069546;43.0
88;0.63530796519;9.07680746064e-07;0.0120178496411;0.388054037578;1.0;0.00445788739197;60.0
89;0.519984759242;0.0747773191327;0.553159278212;0.797361916837;0.434799527303;0.00310843180589;46.0
90;0.689699234936;0.0;0.01;0.486158339928;0.88563250224;0.0196615241016;52.0
91;0.705840136497;0.0;0.0244342136557;0.288598392829;1.0;0.00877791643476;47.0
92;;;1.0;1.5;0.333333333333;;2.0
93;0.556623447515;0.0;0.0182433106278;0.526537365354;0.842038929363;0.000923592880538;100.0
94;;;1.0;1.5;0.333333333333;0.0;2.0
95;0.606345613562;0.0;7.51548723721;2.77297749315;0.048837389847;0.000726836252706;100.0
96;0.648844553383;0.0;1.96895431911;0.429784362495;0.455863638744;0.00150359453526;41.0
97;0.508612724886;0.0486964442576;4.35888720536;0.593715434817;0.491779159178;0.000838582927212;38.0
98;0.898894592936;0.0811521898344;10.0;0.631072699645;0.535263897605;0.0203996438488;39.0
99;0.900246800698;0.0584451430799;9.08556177733;3.09917786962;0.0970364748216;0.0372239891744;39.0
100;0.624537443739;0.0421242936144;1.02654882825;0.583261018937;0.654642832039;0.0023573954545;32.0
101;0.91851065491;0.0366659699329;10.0;1.02750769987;0.320655602903;0.0204004656973;35.0
102;0.839266639043;0.074461079869;9.33706877999;1.05020835933;0.207608033153;0.00741603960684;35.0
103;0.531872889089;0.0144855565423;10.0;0.790888775083;0.371979643158;0.000298040175414;51.0
104;0.573175884246;0.00997995183799;5.13628179286;0.656368431838;0.458799304619;0.0019867981649;32.0
105;0.557499460934;0.0;4.85846921338;0.748875736125;0.436655691855;0.000322392469753;31.0
106;0.495276980149;0.0283359119615;0.788210023121;1.10480992811;0.619140821657;0.00350590130762;49.0
107;0.551306108166;0.0;2.14964626889;0.668381254883;0.513883936456;0.000696602003179;33.0
108;0.532071428256;0.0180430557317;10.0;1.58916895506;0.175677783568;0.00547839314199;45.0
109;0.760489842563;0.0272373094415;10.0;0.771761790209;0.421093398376;0.0139907560833;37.0
110;0.774156575458;0.0;0.0555291088614;0.355484236115;1.0;0.00771596608173;53.0
111;0.729326582584;0.0;0.01;0.45266254837;0.788823456937;0.0161381661271;52.0
112;0.627663526623;0.0;10.0;0.529436705313;0.342709739239;0.00356820372146;36.0
113;0.950233908519;0.0528270992982;10.0;0.647897903192;0.440806083422;0.0193436778439;43.0
114;0.922457713511;0.0;4.19000029293;0.496267830735;0.324861346504;0.00802610425419;100.0
115;0.54245239534;0.00773740107398;10.0;0.810786181714;0.337355681862;0.00110506943585;38.0
116;0.620825552416;0.0449257564887;10.0;0.540620482592;0.723503105669;0.0272622685285;47.0
117;0.846639379645;0.0;0.0203001475499;0.305821719958;1.0;0.00810046799781;66.0
118;0.454071092745;0.0267910505766;9.11912357847;3.10198097757;0.0962024629326;0.00160100534642;42.0
119;0.61285595243;0.0;10.0;0.488510922674;0.350504064987;0.00663925293739;33.0
120;0.653592701846;0.0;2.53814179456;0.400424302846;0.501569766835;0.00943082149777;45.0
121;0.794260057827;0.0;0.0695887792368;0.277333950906;1.0;0.0179902912915;43.0
122;0.758924845895;0.0117757956726;10.0;0.59056343204;0.383385845074;0.00950120189509;42.0
123;0.727902500444;0.0296950070159;10.0;0.532734579635;0.710931869989;0.0381977590771;100.0
124;0.78938056825;0.0496374930764;10.0;0.536998775157;0.432435125557;0.00722610335339;47.0
125;0.519194403169;0.0;0.01424396323;0.915706046673;0.469686490335;0.0034617237399;50.0
126;0.566805342122;0.0;0.0362034852152;0.389442648903;1.0;0.00818839793228;38.0
127;0.800252704514;0.0;10.0;0.576614547507;0.369389680634;0.00663149359179;34.0
128;0.699705498853;0.0789626493579;0.180785633626;0.595414325175;0.632734845734;0.00310935869491;33.0
129;0.722035033727;0.0;2.03679131278;0.420724307277;0.379025959091;0.00098025388583;37.0
130;0.720062055201;0.0;10.0;0.40575064204;0.373887404569;0.0113355551474;29.0
131;0.711212243796;0.0;0.133573359396;0.44127566055;1.0;0.00261503296776;39.0
132;0.615608821467;0.0;0.0530650381478;0.35055027762;1.0;0.00965563814803;38.0
133;0.597586482042;0.0;10.0;0.455430020295;0.424453551276;0.0109530531826;36.0
134;0.614552584697;0.0213961731673;10.0;2.14232004083;0.0959904684513;0.00715827005668;60.0
135;0.816210186222;0.0;0.01;0.308505558996;0.85990690701;0.000170742030674;100.0
136;0.714492371629;0.0;0.0757013973508;0.279762486568;1.0;0.0191505060262;54.0
137;0.919712635531;0.0;0.0281206939765;0.316574926404;1.0;0.0211481476726;53.0
138;0.92259012429;0.0;0.0546734605805;0.349289932499;1.0;0.0518416726029;40.0
139;0.823322554446;0.0;0.476219809654;0.325330806647;0.703950630852;0.00836004986161;50.0
140;0.765795792329;0.0335814605041;10.0;0.649777022324;0.509178550965;0.00938521752173;32.0
141;0.62402754359;0.0;0.0385069202745;0.462293250192;1.0;0.00127438267974;36.0
142;0.841687735409;0.0;0.01;0.398429349778;0.893255464465;0.00953462880789;68.0
143;;;1.0;1.5;0.333333333333;;2.0
144;0.720068518034;0.0;6.83649012783;7.85012614421;0.0175100516339;0.00504438084282;100.0
145;0.759998385555;0.0;0.553688763114;0.386875792615;0.625624375777;0.0028818358157;51.0
146;0.69336411211;0.0;0.57703799099;0.345403827936;0.526787745251;0.00193497236459;39.0
147;0.374270128553;0.0;0.0152248259618;7.16107121053;0.0485567305632;0.00108845259606;33.0
148;0.446311852068;0.0;0.0107052048024;0.717636346728;0.340302838186;0.00163856321821;42.0
149;0.595611401552;0.0;0.01;0.447011028818;0.918711919471;0.00190053664852;58.0
150;;;1.0;1.5;0.333333333333;;2.0
151;0.884026947007;0.0611204263546;10.0;1.38726816656;0.193652011781;0.00574941600567;43.0
152;0.713918258154;0.0;0.991087183847;0.392972596284;0.678599184311;0.00720732918691;49.0
153;0.551552811436;0.0;0.409900682491;0.585881375378;0.477957492062;0.00164959854056;100.0
154;0.785663239278;0.168612307131;10.0;2.13422220869;0.0989698348161;0.0160607650917;38.0
155;0.601302957103;0.0;0.659682885494;1.60007957692;0.173602394783;0.00131003735057;29.0
156;;;1.0;1.5;0.333333333333;;2.0
157;0.459295271262;0.0452086100621;1.84772188691;0.675178755643;0.414626172226;0.000559632829338;27.0
158;0.900180161463;0.0;8.66976310923;5.4483776384;0.0357642402908;0.010083870961;100.0
159;0.909864314535;0.0552602934495;8.12852817623;3.61864700251;0.0620068305234;0.015681858927;46.0
160;;;1.0;1.5;0.333333333333;;2.0
161;0.869536213511;0.0;8.39144293253;5.93483932068;0.0284394275536;0.00741404417223;100.0
162;0.637753962104;0.0;1.06545522891;0.549316934777;0.224581854418;0.000794954672076;100.0
163;0.904632984502;0.058124481502;7.37810290368;3.39715176614;0.0758548677195;0.0247811648716;40.0
164;0.634591467721;0.0;1.71540336725;1.09673800604;0.115702567619;0.000379925280697;31.0
165;0.890966358352;0.0675026679986;5.11257708268;1.37016217807;0.20046946054;0.00419244900312;26.0
166;0.601239177392;0.0;2.0398622738;0.48323229352;0.564311237792;0.000934619861285;30.0
167;0.606686674599;0.0;4.553755035;0.943364573561;0.176775768435;0.00265214218307;89.0
168;0.892242797649;0.0763724825276;10.0;1.57116896484;0.186821694491;0.00466244491664;37.0
169;0.545441094737;0.0;0.330243433019;0.372013423261;0.783417546479;0.000971786738016;67.0
170;0.611024840893;0.0;0.0320299405498;0.377300545381;1.0;0.00710778020442;42.0
171;0.924545572844;0.0487367037464;10.0;0.965751109142;0.291099926192;0.0130384145772;67.0
172;0.314682929123;0.0;0.0118428078273;0.836374089066;0.335755849315;0.00148011260551;46.0
173;0.678752435176;0.0;3.88965898218;0.485320735955;0.354523692959;0.00485386045075;41.0
174;0.949817948692;0.0;0.0493649600987;0.30326023673;1.0;0.0373817334013;40.0
175;0.549467042282;0.0586574791456;0.144638972838;0.876846428849;0.465906331211;0.000847220101407;48.0
176;0.549001426716;0.0;0.503822264818;0.890486192577;0.29427066111;0.00126468052499;84.0
177;0.806915601847;0.0;0.256586564766;0.360432005949;0.634614298345;0.00964723540747;100.0
178;0.44159570462;0.041551226582;0.286732213277;2.55409271565;0.162983840685;0.000428588222909;53.0
179;0.916930376181;0.0;0.118377297715;0.32771654278;0.864076113952;0.00439965572747;39.0
180;0.876374886725;0.0;0.0534384804294;0.345052774967;1.0;0.0214137278903;39.0
181;0.334649653737;0.0;0.01;0.491936170105;0.49315346512;0.00316124900954;50.0
182;0.60165130949;0.0;0.011686018252;0.60590028275;0.957359658393;0.0112592969613;50.0
183;0.964209188961;0.0;4.5777941999;0.573847950292;0.335039840014;0.0224131968444;100.0
184;0.816776359353;0.0127950053861;0.0828470167333;0.40563125766;1.0;0.00103129868038;32.0
185;0.809237986236;0.0321032181151;10.0;2.79022721054;0.0738966948753;0.0052556104553;54.0
186;0.611995146485;0.0;0.0601515065823;0.397746904153;1.0;0.00552320988292;34.0
187;0.713931494894;0.0;10.0;0.601508649878;0.313829702486;0.00339329753283;38.0
188;0.917985998093;0.0491854784483;9.69502390288;2.83671189892;0.0989604323268;0.0108701334119;41.0
189;0.6215751473;0.0580830066516;2.60630205107;0.518693817686;0.527945845898;0.00142818896185;36.0
190;0.621141519424;0.0;0.316066931815;0.453081320696;0.803852296948;0.0014281890378;34.0
191;0.766489781759;0.123224006323;4.63624112516;3.27086661846;0.0713861078491;0.00705711860502;33.0
192;0.489352701843;0.0159533389647;0.123610372999;0.531828289514;1.0;0.00146893569112;39.0
193;0.571386840433;0.0357473831619;10.0;0.418635314337;0.504009831791;0.0115023679283;44.0
194;0.568984306662;0.0485451807354;0.0415264291543;0.594961159033;1.0;0.00165711956545;48.0
195;0.685403171791;0.0;1.63086321593;1.41699436021;0.163733593232;9.65922368979e-05;28.0
196;0.562958072105;0.0;0.0314506616359;0.398308514568;1.0;0.00280076092006;38.0
197;0.48700238692;0.0;0.025964188039;0.3836848552;1.0;0.0028701989419;38.0
198;0.576227175269;0.0;0.604756830281;0.902426362236;0.277979741071;0.000757747321955;43.0
199;0.586663796948;0.0;0.231547599782;0.482677538714;0.71230176095;0.000156418833357;28.0
200;0.700231766834;0.0;0.01;0.363659957545;0.91167052041;0.00918823372595;56.0
201;0.608265759297;0.0;0.0376613364575;0.399736015738;1.0;0.00243407626984;65.0
202;0.62666780159;0.0;0.686666068586;0.538861604506;0.54330706355;0.000228323449894;100.0
203;0.501322281373;0.0178896741828;0.0254437120595;0.501984033588;1.0;0.000807483348927;68.0
204;0.706194861117;0.0713902482821;1.15476462319;0.989757375296;0.308641560638;0.00114657708594;32.0
205;0.517987329021;0.0;0.0720367363413;0.386971071323;1.0;0.00131356911203;53.0
206;0.53089080496;0.0517741815656;0.0851179104813;0.703464996804;0.870955624944;0.00218906048;49.0
207;0.931189864712;0.0480475010413;5.90101123317;4.10034175885;0.0610119577669;0.0145640600755;42.0
208;0.581319546806;0.0904911812398;0.17350118426;1.23020653112;0.32163223694;0.00389641689409;50.0
209;0.706350265264;0.0;0.01;0.376526834108;0.985038744209;0.00585594334381;52.0
210;0.920114315018;0.0508837483266;9.96878486317;3.08023921932;0.0724630619675;0.0169457085228;41.0
211;;;1.0;1.5;0.333333333333;;2.0
212;0.909501234554;0.0497390418618;10.0;1.9557058715;0.126584719886;0.0164819326835;46.0
213;0.761232764216;0.0;7.12108029127;0.580326922922;0.33486174927;0.00100442036983;42.0
214;0.640026635857;0.0650257005406;0.844259076373;1.29734845678;0.278232538521;0.00180185954645;45.0
215;0.91610972307;0.0473398501604;4.21827214687;1.57677021043;0.197247422429;0.00731957930821;36.0
216;0.555568297792;0.0;3.01794505823;0.668214365636;0.309603317924;0.00120739301983;29.0
217;0.688729572066;0.0;2.17312251644;0.468850622738;0.545125768088;0.00205828658801;42.0
218;0.905009460023;0.0515956736229;10.0;1.39069581782;0.188375598253;0.0146503631912;38.0
219;0.492817525392;0.0130350248531;0.252856675928;0.480449244175;1.0;0.0017002584276;38.0
220;0.543950631135;0.0;3.28858192954;2.16322529495;0.0879216039767;0.00239835599853;100.0
221;0.837862251429;0.0459204406973;5.42852351776;4.42764261277;0.0772097137176;0.0153868961773;44.0
222;0.529456651594;0.0481291630326;2.60425855566;2.38916005626;0.157478360828;0.00133883474938;90.0
223;0.650918081888;0.0;0.646188984267;0.362261381236;0.896315852745;0.00725997000749;53.0
224;0.905337756515;0.0604050719346;8.55459661056;3.29117934135;0.0970992146155;0.0285017453466;40.0
225;0.578892007356;0.0373008347875;0.163787278359;0.443775153663;1.0;0.00137776376711;58.0
226;0.589741923511;0.0199617652367;2.85705066857;2.33949958228;0.122391944861;0.000349374506445;38.0
227;0.924714323077;0.0401789920268;5.32049739244;4.06598791524;0.0745800679169;0.00754580823996;42.0
228;0.545290264233;0.0284422805039;10.0;0.638018731632;0.460137659114;0.00267379623768;35.0
229;0.561863324218;0.0342512611931;2.60434414602;1.49300837014;0.254708712647;0.000666120105136;39.0
230;0.669439839088;0.039348908735;9.42477623868;3.67949489812;0.0508431092851;0.000349118820562;100.0
231;0.642232630041;0.0736675882835;1.47489091882;1.07424035558;0.249316385675;0.000384423195223;30.0
232;0.841830106466;0.0;10.0;0.66170497704;0.267368915583;0.00515357059921;31.0
233;0.797659229543;0.0728948448618;10.0;1.89217182695;0.0998599508054;0.0101264147017;57.0
234;0.810767559954;0.0;2.82008398979;0.504924758152;0.35892466874;0.00577377496798;100.0
235;0.60205654387;0.0;1.60205789448;0.703368714767;0.293571045308;0.000347601991261;100.0
236;0.789476814865;0.0;0.531539478205;0.347306191949;0.598506157525;0.00304953982606;45.0
237;0.733601294713;0.0;0.0334405658263;0.312257546431;1.0;0.00274602353603;40.0
238;0.707173031215;0.0459991693287;5.1865068159;4.19326095877;0.0772078162014;0.00985333926266;42.0
239;0.491153807967;0.0181108907157;7.01316649321;1.70544383043;0.189398110729;0.00132138929732;25.0
240;0.627876878534;0.0388190282007;5.93827716023;3.32477248103;0.0964588140111;0.00218754909769;40.0
241;0.516190498631;0.0245560759065;10.0;0.716722056855;0.391486814433;0.00203847533572;43.0
242;0.529264412689;0.0;0.862116177711;0.531684277622;0.628487960531;0.00470582415123;50.0
243;0.4645948153;0.0149096525131;1.44359523196;1.1266237924;0.358858682362;0.00188561209545;53.0
244;0.652537194;0.00870397878406;3.56935375324;2.15213758694;0.136007636363;0.00144383258645;28.0
245;0.890026771962;0.0562252944238;8.8471960262;3.2378258086;0.101511632283;0.0290381262837;39.0
246;0.448549603418;0.0168045031835;10.0;1.03201383956;0.507764194379;0.00140453455416;33.0
247;0.48249780077;0.0216675416412;10.0;3.06286492197;0.0982265946216;0.00157303935124;46.0
248;;;1.0;1.5;0.333333333333;;2.0
249;0.424258998891;0.0162557080549;1.79550385211;1.23994065828;0.531618939792;0.000968383648281;52.0
250;;;1.0;1.5;0.333333333333;;2.0
251;0.915249551453;0.0349124121644;10.0;2.19615937435;0.113511084014;0.0119137740877;50.0
252;;;1.0;1.5;0.333333333333;;2.0
253;0.458074199895;0.0;0.0158374029156;0.504178253246;1.0;0.00485822387112;42.0
254;0.499422918887;0.0;1.28427966815;0.653375031528;0.497742215509;0.0013133017282;31.0
255;0.635465929438;0.0;0.0192993382202;0.663774599555;0.814756756425;0.00212034601458;100.0
256;0.939603834561;0.037548103898;6.98865229661;3.71746007656;0.10624830786;0.0286514090485;38.0
257;0.965766017507;0.0;0.0664356211763;0.335979975452;1.0;0.0341688822032;41.0
258;0.581462679915;0.0608189962546;0.0480512480757;0.72363813493;0.75315117508;0.00241011124589;56.0
259;0.966609948822;0.0;0.0384239081877;0.346150027171;1.0;0.027365399757;37.0
260;0.520991892313;0.0259311135316;6.2620490545;3.91230308328;0.0733468798344;0.00266732555262;45.0
261;0.948969494815;0.0408803324805;10.0;0.859247260685;0.319558449155;0.0178507570175;31.0
262;0.345626684332;0.0;0.0224077142201;0.484108692229;1.0;0.00264646572698;48.0
263;0.840725823736;0.0;4.35499870418;1.52044403861;0.104850040444;0.00985403603235;35.0
264;0.411902639029;0.0302033727224;0.272258208213;0.765216625783;0.811393747231;0.000957948226701;41.0
265;0.944607355013;0.0397224430855;10.0;0.785519646451;0.306747399996;0.0182081185397;31.0
266;0.598501221235;0.0;0.165530408546;10.0;0.0190649659331;0.0179893896166;33.0
267;0.932207886893;0.0376145463581;10.0;2.47316438375;0.110347255594;0.0120072580746;46.0
268;0.576106708506;0.0;0.0167841485843;1.09039758033;0.459685519494;0.000823392094484;46.0
269;0.540822273836;0.0;0.0591443766208;0.426575927906;1.0;0.00660604172647;61.0
270;0.488890986028;0.0;1.11288054653;1.33177034184;0.200687030197;0.00325543695644;84.0
271;0.571473839125;0.0;0.656918215857;0.462516854763;0.583690988118;0.000241751833499;50.0
272;0.461325590316;0.0;2.42112398799;2.77156491009;0.0839509220864;0.00160317153646;100.0
273;0.800460505756;0.0935669541919;10.0;1.39342391836;0.157337262695;0.00161257630996;34.0
274;0.868729791337;0.0774950818231;8.85827143886;3.01193702099;0.0929748727486;0.0165291569018;39.0
275;0.928653669521;0.0;10.0;1.14090446636;0.167679856415;0.0184810214335;46.0
276;0.931192912906;0.0155388751585;10.0;1.91761600626;0.112463882033;0.0227841004864;100.0
277;0.420130871336;0.0121498406658;0.909543741541;0.755513950189;1.0;0.00242336609111;52.0
278;0.63825593511;0.0;0.259030101268;10.0;0.0180233214299;0.0245741470785;30.0
279;0.954036426581;0.0550287076256;10.0;0.544052865412;0.480650898246;0.021484755876;40.0
280;;;1.0;1.5;0.333333333333;;2.0
281;0.470680722516;0.0;0.0387469870784;0.464639092124;1.0;0.00180127204275;34.0
282;0.423585166237;0.0;0.0556788490761;0.689648680435;0.491046791931;0.000508128526341;68.0
283;0.450694658853;0.0603122861793;0.105931819887;1.05635090566;0.355222509157;0.000125427000795;51.0
284;0.449333548202;0.0;0.012860767959;0.536823334433;1.0;0.00269342055388;49.0
285;0.501577986583;0.0;0.567347736366;0.477177989417;0.682384538843;0.000430696137889;77.0
286;0.990888500343;0.0414906312699;10.0;0.594727063759;0.534417780258;0.0254026236642;33.0
287;0.933932462306;0.037708902416;10.0;1.99973060339;0.18281129615;0.0139170404318;46.0
288;0.418903976422;0.0124288402885;0.641078251116;1.24672794908;1.0;0.00141427503166;47.0
289;0.566000758436;0.0;8.28826496731;0.911365910654;0.263199222565;0.00092552546151;44.0
290;0.467347195391;0.0187831702162;0.590638530917;1.02054061563;0.615455777532;0.00377668082282;47.0
291;0.521123186257;0.0;0.136182304917;1.3224493495;0.227077859379;0.00149288187233;100.0
292;0.924445392298;0.0561208993974;10.0;1.2186342179;0.240723994284;0.017407969503;35.0
293;0.500900334344;0.0117905376459;9.48118700946;3.34345671522;0.0891913849073;0.00254142550763;57.0
294;0.574933181912;0.00594791126102;2.53266517423;0.838576071396;0.450257985726;0.000816957041232;25.0
295;0.434888945175;0.0;0.0494072943628;0.519700298695;1.0;0.000639357863683;37.0
296;0.514867499483;0.0253520288191;8.20430618504;3.02464721568;0.106004108605;0.000479776580112;26.0
297;0.499820009035;0.0180045799911;1.3758712324;0.992284905418;0.433434799587;0.00340680088559;52.0
298;0.928028235926;0.0;0.0192125712171;0.33932285804;1.0;0.0190262605769;58.0
299;0.604092222631;0.0;1.0414232948;0.501455006409;0.579770785627;0.00188792544668;100.0
300;0.486238537817;0.0;0.0528418640182;0.360309106701;0.999219405899;0.00367388257107;57.0
301;0.929229405786;0.0380138305629;10.0;1.5187574326;0.204152567269;0.0136462448363;39.0
302;0.435894657639;0.0125030372707;1.55784649384;2.92990723168;0.179248989485;0.0024484416679;41.0
303;0.92641298933;0.0402553607782;5.67861028398;4.42895956498;0.0946692728168;0.0165540202495;39.0
304;0.885431969551;0.0518004680719;5.26800250116;4.29432484577;0.0782445692793;0.0206895543369;38.0
305;0.5637909619;0.0;0.112364247192;0.37818165622;1.0;0.00262759054019;44.0
306;0.614896425721;0.0;0.299482055274;10.0;0.01675300889;0.0111090215694;30.0
307;0.540151381797;0.0;0.803495880463;0.576597816133;0.624142695505;0.000954661623389;44.0
308;0.461233758193;0.0;0.0107687815458;0.434228418472;1.0;0.00311054885211;66.0
309;0.948299917163;0.0449415807611;10.0;0.930774376835;0.312776116021;0.0185642121238;33.0
310;0.502766373091;0.0;0.15768404096;0.358680321276;0.99818882173;0.0018655340943;52.0
311;0.520937618027;0.0;0.0151674065473;1.20875125465;0.383767738665;0.00179004811613;50.0
312;0.496656571644;0.0366338411445;0.453324407131;0.653334585918;0.659908537676;0.00107233707547;30.0
313;0.962391370599;0.0365705755699;10.0;0.971070786647;0.351683791554;0.00570724935004;31.0
314;0.494027787457;0.0113773010059;0.0701008687588;0.814332955413;0.661736951448;0.00257102988386;61.0
315;0.936612089621;0.0394770114021;5.91016122974;3.64530860298;0.0928440295233;0.00996106679937;41.0
316;0.931274312368;0.0453039995309;5.20928260646;4.24849714838;0.0763135909615;0.0405105694781;36.0
317;0.928603118669;0.0422077951593;9.98890747785;2.9353933018;0.0887462673409;0.0218217693678;43.0
318;0.857173394442;0.0812281560108;10.0;2.58516718374;0.0747382387713;0.00856018018734;49.0
319;0.434394410812;0.019367816126;1.48734776097;0.869792314955;0.582371426595;0.0010316813988;44.0
320;0.44197948522;0.0146586936357;2.04674362593;1.15620570386;0.460640482067;0.00090866737602;47.0
321;;;1.0;1.5;0.333333333333;;2.0
322;0.971438195096;0.0;0.0407904637369;0.382132387613;1.0;0.0231564001537;74.0
323;0.45517002367;0.00755593434552;1.65309118331;1.39647528935;0.356521489594;0.00140487034509;39.0
324;0.739503340924;0.0484649504499;7.17489882041;3.58019256095;0.11191093267;0.011018950259;37.0
325;0.962209417263;0.0398311231316;10.0;0.931244324688;0.337694890451;0.00472438606736;57.0
326;0.510818706002;0.0666970282677;0.026361102064;0.634155209612;0.793879872669;0.000243036978816;100.0
327;0.442167128536;0.0219332983823;4.45050440498;3.27458031984;0.133153032927;0.000542135176497;26.0
328;0.513656269214;0.0231311392577;0.197600787843;0.44123207896;1.0;0.000113608580618;56.0
329;0.502454468742;0.0311798527467;6.80162003299;3.52022375249;0.119454552043;0.00258229938369;37.0
330;0.87285779284;0.0903003009074;9.15980240413;2.89661360047;0.112363764263;0.00861844354489;33.0
331;0.40053962946;0.0;0.0122537263977;0.61110981449;0.963444081846;0.00146377883061;58.0
332;1.0;0.0268179399977;10.0;0.846201252435;0.604665368364;0.0245258481026;100.0
333;0.974609161193;0.0452666707601;10.0;0.731040905115;0.501770823933;0.0145600802518;44.0
334;0.945792856223;0.0378144501105;10.0;1.90592712806;0.19991733433;0.0318960566081;39.0
335;0.604705157834;0.0;0.163541146434;10.0;0.0190708125689;0.025072796565;100.0
336;0.473546188255;0.0130068487361;2.54162599813;1.26841522254;0.355837532653;0.000696151518709;35.0
337;0.921149496236;0.0314407785293;9.36877244788;3.05702814458;0.0897221408714;0.0132733367501;39.0
338;0.461324733804;0.0193567674851;0.58601662481;1.11384615063;0.724091127762;0.00138366348731;75.0
339;0.557878386348;0.0;10.0;0.922699704448;0.337788269647;0.00141187896165;45.0
340;0.476875200645;0.0310154111499;2.21970234337;1.47831620363;0.290570314796;0.000424895340805;37.0
341;0.715319136546;0.0;0.434673805066;0.43765306402;0.752485778718;0.00056900106573;33.0
342;0.525672387886;0.0;0.0164858019864;0.454147299902;1.0;0.00250752301048;46.0
343;0.580846261425;0.0;1.67343607169;0.552747621564;0.547488723943;0.0021045034374;100.0
344;0.517211702472;0.0;1.60576653512;2.95067151545;0.0936546561859;0.00158867752021;37.0
345;0.579721379963;0.0544048460549;0.742595937841;0.755037080059;0.533490871513;0.00261049634236;53.0
346;0.554758374411;0.0428481733974;0.0406767808516;0.855273566974;1.0;0.00593389946781;43.0
347;0.512205254767;0.0241834961657;9.94012945777;2.79140577464;0.139157280031;0.000918126394745;40.0
348;0.487922100025;0.0557372019494;2.57053494023;2.10652897932;0.159294119407;0.00112574624943;33.0
349;0.517177103685;0.0402184250202;1.17687596523;0.897489863206;0.413666148666;0.000489075699036;74.0
350;0.598607391182;0.104751463843;10.0;2.38920993398;0.0976295611885;0.00581004155091;30.0
351;0.508520858514;0.0;0.0513444655284;0.468788640586;1.0;0.000700517736101;48.0
352;0.66463810048;0.0;0.0596071818812;0.352513832452;0.723428985988;0.000480874292409;100.0
353;0.46698567219;0.0;8.47537286756;5.35995050926;0.0380769713529;0.00182851155268;100.0
354;0.508853243875;0.0684607144821;5.63833589429;3.68324199955;0.0815781905785;0.00365149989333;45.0
355;0.618545897226;0.0;1.37782655455;0.569182466033;0.619048786533;0.00525091901622;100.0
356;0.529062820205;0.0;4.97345211377;0.631321605348;0.336434461872;0.00209748205558;100.0
357;0.649562597313;0.000159954505092;7.81140094897;4.66430741912;0.0327868058506;0.0011687386484;100.0
358;0.630023857963;0.105466379767;0.227295967821;0.457610180867;0.617692759995;0.00114093642466;36.0
359;0.525759723931;0.0292659042891;3.01262855687;1.46549720545;0.30678288271;0.00186549074847;100.0
360;0.558807744227;0.000169199574365;1.00392896136;0.499217756856;0.564242082714;2.00099070617e-05;37.0
361;0.316494565345;0.0;0.01;0.447085675713;0.732089583018;0.000276638190029;35.0
362;0.69072881652;0.0;5.88377616833;0.637973512912;0.346810138345;0.000651275443409;40.0
363;0.463739807005;0.0142116563299;1.31906556159;5.64121424287;0.0589624500089;0.00343655039588;41.0
364;0.46805288862;0.0363806798766;0.47229605913;0.656414159737;0.646385208008;0.00025755982444;62.0
365;0.486665898599;0.0;0.0884696056882;0.427595065084;1.0;0.00286538284777;40.0
366;;;1.0;1.5;0.333333333333;;2.0
367;;;1.0;1.5;0.333333333333;;2.0
368;0.502007757013;0.0729119189846;0.337491401398;0.771359027377;0.665212528826;0.000684399980668;43.0
369;;;1.0;1.5;0.333333333333;;2.0
370;0.53679932559;0.0;0.0650672514748;0.490325528448;1.0;0.00120612355655;32.0
371;0.494956685858;0.0;0.044561996286;0.505138967256;0.932836573734;2.60114588472e-05;100.0
372;0.539742293271;0.0459060172311;2.47319965475;1.17077776908;0.292299103479;0.000526736372401;39.0
373;;;1.0;1.5;0.333333333333;;2.0
374;0.436708469479;0.0265617855638;0.0412064081439;0.80775596725;1.0;0.00255344193784;47.0
375;0.553150718469;0.0;0.694365052054;1.71225601896;0.187676730201;0.00586002671912;36.0
376;0.431750120254;0.0;0.0687296058789;0.691165064111;1.0;0.000213017361153;41.0
377;0.492249317249;0.0;0.246787993091;0.410821364282;0.778615982056;0.00168537906626;45.0
378;0.537471269497;0.0160430609311;5.40122023567;0.809861859158;0.443932412044;0.00102587984705;33.0
379;0.473599553323;0.0420548885206;3.28019054441;1.46591869203;0.313337987452;0.000272294822084;48.0
380;0.46493659989;0.0226353695475;0.45289012853;0.997359360032;1.0;0.00139133721579;39.0
381;0.591198549027;0.0;0.0562986067402;0.565183660114;1.0;0.00315487896538;35.0
382;0.432226957338;0.0;0.0141406510686;0.538938671427;0.93065752837;0.000105500374141;100.0
383;0.638889628136;0.0;10.0;0.606936956498;0.297608200529;0.00144915818481;33.0
384;0.507707732662;0.0;1.2952198288;0.925608472476;0.304970908065;0.000258427686924;50.0
385;0.507818983876;0.0383666370918;0.386338911428;0.929105452791;1.0;0.00193797214757;30.0
386;0.521728925065;0.0;0.417478047869;0.890415180752;0.473184224122;0.000589235378694;42.0
387;0.491395583643;0.0;0.0208994049971;0.53698473317;1.0;0.000274602577849;58.0
388;0.502284913657;0.0162964701264;0.0565095428888;0.511830104198;0.998017005167;0.000308423698339;35.0
389;0.469648399064;0.0113583349543;0.872974988447;1.23799842102;1.0;0.000661819072461;42.0
390;0.413217714394;0.0;2.41176986933;3.45593324291;0.0823298629513;0.000273851737923;46.0
391;0.509954297224;0.0;0.255984231188;0.593100220302;0.52509469273;0.00101101045653;50.0
392;0.574256903456;0.0901229414464;2.5981150445;1.8164908087;0.18482459429;0.00058233499625;28.0
393;0.585343628548;0.0;0.157371298022;0.667208990104;0.572448788076;0.000317252255706;32.0
394;0.46003208911;0.036057989184;0.05805742062;1.00947930979;0.609100416111;0.000569587125331;52.0
395;0.549000042774;0.0429867249008;0.944326466506;0.863189067658;0.524717690053;0.00273662943112;62.0
396;0.453767571845;0.0157208524633;0.471796276657;1.28742545719;1.0;0.00248907647529;85.0
397;;;1.0;1.5;0.333333333333;;2.0
398;0.393980925419;0.0116924765352;1.0753858981;1.84548196979;0.352375211321;0.00228504481677;50.0
399;0.437855892172;0.0;0.0244033658155;0.632190013962;1.0;0.00105210451302;52.0
400;0.494295815951;0.0399284218391;0.0749153716011;0.707132027021;1.0;0.00599675933346;36.0
401;0.525895326205;0.0465552822521;1.94592479135;1.18802356113;0.2964711626;0.00447977198044;70.0
402;0.441496440219;0.00960389292776;0.982707204008;1.09412650513;1.0;0.000876348835064;35.0
403;0.450535970892;0.0237521035137;1.15783717981;1.65465136283;0.342991176184;0.00241496620418;63.0
404;0.417028751785;0.0184443094325;0.529540242109;0.950362057403;1.0;0.00214599850518;70.0
405;0.407979078761;0.0436292279334;0.0409339503385;0.56511168759;1.0;0.00279056031721;41.0
406;0.455449850465;0.00519236739533;0.426502190792;1.69649477566;1.0;0.00224554216644;100.0
407;0.566908497336;0.0344130285177;2.79251281946;0.587325911023;0.670561700804;0.00381465602993;36.0
408;0.542270563563;0.0227106606947;0.990732550464;0.796983069449;0.564672511656;0.00215685745344;41.0
409;0.484009603382;0.0;0.0210350748831;0.458434813881;0.925135794964;0.000119595676615;100.0
410;0.51055552179;0.0314613215786;9.33535440588;2.64359181187;0.11866252103;0.000192634387511;42.0
411;0.661400034548;0.0;1.2259698052;0.662705371996;0.617598156814;0.000430655089887;29.0
412;0.556943196717;0.0;0.0403892076131;0.414063420358;0.815798264606;0.000529120689444;100.0
413;0.492079886875;0.0141720862052;0.0291857415524;0.546961926147;0.998962956169;0.00655089840711;37.0
414;0.359592387116;0.0;0.0191231247828;6.32499035399;0.03745813391;0.00145086495975;33.0
415;0.48748974357;0.0210880978524;0.189551241466;0.807313044213;0.813242996214;0.00277427959014;45.0
416;0.600710955172;0.0282464659233;7.30205228817;4.98928698629;0.0504406064517;0.00158335287431;76.0
417;0.633873547978;0.0743337771612;0.439952218161;0.558438040935;0.631680445409;0.00159560669152;32.0
418;0.518220789939;0.0912779770721;10.0;0.668761763099;0.355004909619;0.00029011090556;33.0
419;0.449614763601;0.0164532903513;0.654094398221;1.23764569239;1.0;0.00499630750927;100.0
420;0.493435754748;0.0;0.0349057103375;0.806153281144;1.0;0.0020599943;41.0
421;0.492993065944;0.0352390019933;0.650408170592;1.46316452823;0.718044467795;0.00282342360292;55.0
422;0.445583849992;0.0363891590237;0.678638407745;1.05299592347;0.606442363667;0.00148951973475;52.0
423;0.452743639626;0.0261590387244;0.794240384936;2.22863895937;0.46913682148;0.00180080667973;49.0
424;0.444383804547;0.0628654874284;4.12829046681;1.52319983379;0.225867694716;0.000619893537013;32.0
425;0.542938628759;0.0;0.265439745629;0.4466277148;1.0;0.00136011448057;45.0
426;0.513707237107;0.0;0.104346775012;0.265740360115;0.499975867308;0.000627774734089;50.0
427;0.563636041488;0.104094633181;6.54641237985;0.789352568708;0.317352880583;0.00120688497921;43.0
428;0.640802976973;0.0;9.44533468347;4.79415862249;0.0339194031193;0.0015411339453;100.0
429;0.538885850763;0.0;0.0156796504759;0.461855306823;1.0;0.000719019352656;100.0
430;0.526452333703;0.129575200339;10.0;2.24993529931;0.0830818283221;0.00125657054248;41.0
431;0.639576432097;0.0750617825656;5.97332581141;5.37200858736;0.0425814745354;0.00098710899569;90.0
432;0.537191267754;0.0654821695786;0.882567779115;3.51543712286;0.130203182378;6.32168626579e-05;57.0
433;0.49834128516;0.0;0.152837032239;0.583736088801;1.0;0.000246094114612;35.0
434;0.480071807915;0.0292393467631;0.192722796942;0.781523114811;1.0;0.000995747125499;28.0
435;0.461512793031;0.0;0.10418729348;0.803242918409;1.0;0.00107903893679;34.0
436;0.455529719582;0.0;0.131608492758;0.514918660847;1.0;0.00124428947073;48.0
437;0.461886889469;0.0568549340822;1.07434532376;1.51721976219;0.300904838243;0.0005607712198;43.0
438;0.520257135684;0.0464599293105;0.444815179522;0.617876744093;1.0;0.000425654307648;37.0
439;0.44371580744;0.0567331762283;0.198542788657;0.656195082837;0.979049480004;0.00113557918373;41.0
440;0.672409439986;0.145707671949;0.93953080309;0.460640693927;0.594899245127;0.000504412033411;28.0
441;0.471266482986;0.0;0.175677588041;0.348314109886;1.0;0.002112995223;41.0
442;0.524405284008;0.0188127813662;9.85605728805;4.55143180482;0.0110705706793;0.000250129751032;100.0
443;0.381220303208;0.0;0.0121752441207;0.389752839801;0.92196775456;0.00127786024738;75.0
444;0.472202028797;0.0968483343849;0.490726338459;1.06790228662;0.364024068413;0.00471969636607;47.0
445;0.472173984447;0.0252475325274;0.0825671066491;0.594824201358;1.0;0.000253541324419;58.0
446;0.452827676704;0.083357149576;0.297680816352;0.716209933203;0.598985206116;0.000252377011227;35.0
447;0.492031045061;0.0231897198591;0.334693264516;1.22238976898;1.0;0.00197959394555;40.0
448;0.574756722069;0.0;0.0772933912737;0.661467574037;1.0;0.000212448421684;48.0
449;0.341610371657;0.00104246986146;0.139704339969;0.267676226695;0.520777086683;0.000490373420372;53.0
450;0.475195070992;0.137712247131;0.421497827199;3.60259265458;0.0765872769381;0.00331405068609;37.0
451;0.508592679096;0.0735473848378;1.07834628522;0.635743365455;0.605913528388;0.000185838336777;32.0
452;0.487108857799;0.00953298286633;0.142178455056;0.850325634481;1.0;0.000731204807397;32.0
453;0.438675295458;0.0610858742277;0.285407768416;0.520781107651;0.981563493191;0.000265793003291;50.0
454;0.543021282121;0.0;4.9026463976;2.01207655465;0.097265417918;0.000693010647296;66.0
455;0.570741400025;0.0;0.0254548490871;0.500195401428;1.0;0.00233981730997;57.0
456;0.600814063738;0.00285025643469;10.0;0.657911707056;0.331507851828;0.000590364061039;44.0
457;0.533183000819;0.0243923798322;0.326017550177;0.784999231053;1.0;0.00194474985116;33.0
458;0.420051884142;0.0128258912684;0.908337941101;2.72901592053;0.38258542619;0.000108350335434;78.0
459;0.418829938759;0.0;0.0285404161859;0.548365168147;1.0;0.000920110056712;43.0
460;0.560944593992;0.0;0.395731621357;0.519202058683;0.688129308909;0.000474748511902;54.0
461;0.537389483996;0.0;0.149964177905;0.488744774364;1.0;0.000855476884777;74.0
462;0.419456168094;0.0227120130632;5.13927707038;4.08773429761;0.104426301846;0.000298417471558;34.0
463;0.50079111648;0.0651209532983;1.30250058583;0.659925738984;0.433187801865;0.00116241770013;94.0
464;0.533654134148;0.06803553835;3.68958728721;2.18062869438;0.12152940535;0.000941756609391;25.0
465;0.445348810633;0.00939214937215;2.44691314383;3.16930521081;0.185804233298;0.000367190566544;39.0
466;0.502198157235;0.0;2.53780195565;0.540692426454;0.650906183381;0.00111713963981;43.0
467;0.459188402475;0.0;0.892233970846;0.883836141556;0.462915052356;2.68496974066e-05;26.0
468;0.398423007205;0.0331760101767;4.81743450231;1.46587124004;0.255005609063;0.00011632587655;11.0
469;0.468994347127;0.0;0.0320943620294;0.529349775199;1.0;0.00105745602689;43.0
470;0.497637904314;0.070413007257;6.44026616879;3.93974151765;0.07544664522;0.00110173330505;43.0
471;0.463926810797;0.0257991622742;0.387907920304;0.74433744814;0.643819800422;0.000739582281244;36.0
472;;;1.0;1.5;0.333333333333;;2.0
473;0.436631518891;0.00388855626831;0.916245916291;1.54561493613;0.632695330714;0.00124427471126;54.0
474;0.443145510445;0.0;0.645351830695;0.899634950574;0.348459085703;0.00762974531724;80.0
475;0.49955270705;0.0374917831749;0.400351443107;1.54385662869;0.45909451834;0.00217091290643;100.0
476;0.477986474678;0.00538716062493;1.19026681276;1.62780508462;0.414832283358;0.00440418962375;43.0
477;0.499691120897;0.0360906001977;0.0955987794566;1.81341184028;0.345750664693;0.00158430861686;43.0
478;0.630364536988;0.0;0.957634283177;1.00194799828;0.235943060404;0.00463246820027;30.0
479;0.474737681092;0.00591000478961;0.34359146483;0.971493992543;1.0;0.00398142466686;89.0
480;0.436869183787;0.0300423576472;0.112407354187;0.576285810729;0.958460109106;0.000191915886601;35.0
481;0.476408526364;0.0;0.0693722304131;0.39319343621;1.0;0.00755043735326;37.0
482;0.406633574958;0.0161789499245;4.57891280706;2.69917530483;0.171324072927;0.000171951939175;28.0
483;0.53499098277;0.0227701808128;0.0823693348808;0.816168704436;1.0;0.0108464972374;39.0
484;0.599781405457;0.092809077575;0.242907778658;0.520334091143;0.953532303109;0.000791377550788;55.0
485;0.616932833882;0.068176699298;0.450841192946;0.803954008706;0.702107774591;0.000782469399726;53.0
486;0.587113095092;0.0;0.0694721476907;0.58941289261;1.0;0.00185321365414;34.0
487;0.479487969919;0.0;0.0437140853265;0.484020354942;1.0;0.00421142270622;44.0
488;0.422245312937;0.0170949714097;1.75492296056;1.97822658978;0.440497637253;0.000171458541924;51.0
489;0.408997741646;0.0115070575465;1.67677429133;1.29758960649;0.46042492145;0.00171497109054;59.0
490;0.510530745054;0.0948434551443;0.285819972978;0.367298839998;0.666254805357;0.000621472461071;44.0
491;0.492924796263;0.0;0.0798233318532;0.418651585907;1.0;0.00297485066985;35.0
492;0.465632755065;0.0281266211826;0.480144761712;1.17366873939;0.894987456933;0.00332645252656;62.0
493;0.566773866362;0.0;10.0;0.657798831581;0.359425290369;0.00077059132682;36.0
494;;;1.0;1.5;0.333333333333;;2.0
495;0.422458099024;0.0087486616013;1.49210766119;1.45681814525;0.590548404711;0.000177416209237;61.0
496;0.427144694598;0.0422761720873;0.0700286580936;0.525648259382;1.0;0.001590289271;46.0
497;0.403343739088;0.00767026852631;1.02188478645;1.33808883534;0.643420308565;0.000744433289525;48.0
498;0.426986874796;0.0;0.499707202939;0.684810812812;0.529204210649;8.83735126241e-05;34.0
499;0.640787739924;0.0;0.041959554504;0.327827645534;0.990178711455;0.000516852260156;39.0
500;0.344960957775;0.139255335519;10.0;0.232792819282;0.22143447207;4.40742171898e-05;34.0
501;0.572909256;0.0;2.24606685938;0.619583141901;0.629385382887;0.0018038017614;30.0
502;0.524834626288;0.00115218864099;0.0638864062716;0.44908803096;1.0;0.00177464580594;42.0
503;0.568724035117;0.0854019230698;5.02250214124;1.23962336581;0.248890171503;0.000510992832642;35.0
504;0.509172873077;0.016930433846;0.342033384578;0.629981859217;1.0;0.000195818578576;69.0
505;0.572030666503;0.0242362838219;2.44768587341;0.612400979271;0.399880122595;0.000163872376688;22.0
506;0.44012036197;0.0246854482547;4.43201779424;5.915532426;0.112100118759;0.00123634896724;36.0
507;0.424606892509;0.0543300462669;8.35597755469;3.30129189247;0.120637282887;0.0016804185238;37.0
508;0.39491302239;0.0;0.01;0.280408626876;0.242183041563;5.01040104004e-05;57.0
509;0.514612894241;0.0;0.0199205980518;0.483352485087;1.0;0.0014700849628;40.0
510;0.453123411652;0.0315446341523;0.790562050432;0.831601728929;0.490912580356;0.0018540946956;67.0
511;0.503604993436;0.013408046405;8.33862378969;4.49993204489;0.0474368355516;0.000799873304233;86.0
512;0.550458999439;0.0;4.58225076563;9.96941360333;0.0210942139965;0.00122484372505;87.0
513;0.542039400474;0.054179462616;0.591669146246;1.14719011381;0.509625003958;0.000607163555735;43.0
514;0.527347056646;0.020896028304;1.30016415617;1.27314617456;0.310576877152;0.00124257144172;52.0
515;0.752502403325;0.13451684526;4.71106549982;3.51044062004;0.0658970207655;0.00580467985666;39.0
516;0.580998189425;0.0640852759889;0.965644865359;0.711201733336;0.517888650359;0.00303910802916;82.0
517;0.504270655505;0.0360406196944;0.463262987406;0.652835601969;0.763009114581;0.000997252980472;47.0
518;0.452181138497;0.0233545538413;0.480952704291;1.30039610574;0.814990761602;0.000545753155534;90.0
519;0.493800578209;0.028735703701;0.476219121067;1.02336067315;0.528059440214;0.000645530445006;67.0
520;0.572947502325;0.0;10.0;0.536580473581;0.255430919188;0.00303707250775;36.0
521;0.552064458046;0.0581950058748;0.946345861476;0.86352826729;0.388768050742;0.00102658858019;54.0
522;0.603141884167;0.0264893722182;10.0;0.610626196677;0.617903497978;0.00928044030923;34.0
523;0.514449157214;0.0528289255481;4.49170171825;1.92138319407;0.184055493369;0.00178873475858;28.0
524;0.562197867639;0.0642728157379;4.43868096278;8.36684027291;0.0280500912673;0.00126901456583;100.0
525;0.440596074293;0.00336043340135;3.37366876614;9.60000789503;0.134656139758;0.00260221000159;39.0
526;0.563442250194;0.0323974126969;10.0;0.702192412823;0.477909601898;0.0014593208851;30.0
527;0.481738851908;0.0172415087185;0.918480655937;0.761703746592;0.651271388035;0.00537815406221;32.0
528;0.592529793426;0.0;0.29554790373;0.492142255853;0.745223529688;0.000986757510995;91.0
529;0.599137389323;0.0251507252291;10.0;0.60713534906;0.60118296847;0.00816778710876;32.0
530;0.682123623308;0.0;4.09927991259;0.498655075947;0.358358699544;0.0110583502881;47.0
531;0.462049512596;5.26318487196e-05;2.05518515052;1.80831639557;0.157372520896;0.000263517745858;33.0
532;0.403035705325;0.0072752475871;0.645648760621;1.66750233909;0.873710414004;0.000540035602883;42.0
533;0.571785207704;0.0232461976639;8.41054579495;3.41885617521;0.0807685293175;0.018832392562;42.0
534;0.407242569341;0.00693277934155;3.06040259407;10.0;0.135639257246;0.00275926139865;38.0
535;0.494421085955;0.0066398704485;0.134841504247;0.222263712407;0.353460907847;0.000362800825106;34.0
536;0.424517381953;0.0;0.0239790151272;0.57299702719;1.0;0.00217818047464;43.0
537;0.478972295068;0.0436861561588;0.100850390348;2.05618582706;0.345071877986;0.0022248059157;41.0
538;0.506233321522;0.0179258054386;0.0648431616772;0.78951110975;1.0;0.00138527048361;56.0
539;0.616460353774;0.0197887688723;4.7920597306;4.58696149688;0.065513178405;0.00292689683545;40.0
540;0.442968171963;0.012255562676;3.74958983627;3.51132272154;0.164884625725;0.000400629154756;27.0
541;0.477046876004;0.0152186843861;5.1543191797;4.88531872594;0.0734542303775;0.00617279626537;43.0
542;0.667815414298;0.0682951139943;10.0;1.70784042601;0.193862696871;0.00948515911997;36.0
543;0.39095589221;0.00903110839314;3.98447793702;9.42880895582;0.0234740584779;0.00152487328206;78.0
544;0.657775593788;0.091532778393;10.0;0.987966959924;0.267334292177;0.00670708569511;32.0
545;0.397734574412;0.00611757217423;0.494791695723;1.16751163411;1.0;0.000587972692721;44.0
546;0.568918228667;0.0542175758211;2.64036185898;2.21681527554;0.126797115031;0.000460211613011;27.0
547;0.540635909828;0.0;0.118321793282;0.320003902859;0.853995971444;0.00139560253634;49.0
548;0.361482673097;0.0;0.01;0.552790176157;0.349834712341;0.000955118128501;43.0
549;0.429757376751;0.0298762380969;0.0687895907047;0.668709445583;0.878187870646;0.00036933256808;51.0
550;0.612069961091;0.0703094566087;1.50508211711;1.51839952578;0.1854450988;0.000935778020535;43.0
551;0.415849113846;0.0289655206823;0.0724313908755;0.48053045199;1.0;0.000129410212733;38.0
552;0.46922504572;0.0147984336823;5.66407854866;4.58696016559;0.105812576538;0.00222376995565;37.0
553;0.519273111452;0.0690822599576;1.26018541176;3.14874542112;0.0904695057167;0.00129215986019;100.0
554;0.597284123771;0.0680353902781;0.650287950102;0.593725934381;0.543426577842;0.000511454820938;29.0
555;0.533423824439;0.0422501999199;0.206088674431;0.759082249596;1.0;0.00105731097092;41.0
556;0.653443004968;0.0387136906197;5.0177791856;4.76020239587;0.0601062184773;0.00297169176314;43.0
557;0.543195463079;0.06088085356;3.1701848556;1.43769961502;0.292370423937;0.00612063696193;47.0
558;0.303259440754;0.0;0.01;0.295844656016;0.478108226976;0.000863553046637;63.0
559;0.503566485309;0.0355024243304;0.107619980766;0.65566431445;1.0;0.00266992147903;42.0
560;0.522271560491;0.0508898521496;1.19886289541;1.81696118798;0.161660704836;0.000408387060127;39.0
561;0.423947324855;0.0386636207944;0.120752448121;0.570060953732;0.944071274144;0.00085175920281;48.0
562;0.482380423755;0.0408452199083;0.955047786583;0.721944015571;0.490498888923;0.00122736237101;30.0
563;0.621456069173;0.0;0.0166163771062;0.36253576186;1.0;0.00387198793625;52.0
564;0.51121519381;0.0;0.0656470050729;0.401952118377;1.0;0.000157896796867;63.0
565;0.574893400338;0.0700586756123;0.316047247971;0.593448018157;0.596557815889;0.00272763278614;35.0
566;0.551317319471;0.0269018682758;1.89157468955;1.24871849657;0.240432266158;0.000107489327962;9.0
567;0.47193741346;0.0118296017741;3.16205250685;1.55662332317;0.240381318788;0.00130344365913;33.0
568;0.534137510923;0.064245960673;1.56451497372;0.813927702391;0.335267284912;0.00119638004548;46.0
569;0.460099854003;0.0159611202336;5.49956937799;1.2716007552;0.396950397369;0.000427300709592;61.0
570;0.460899319366;0.00883688518144;0.139072903337;0.497204649536;1.0;0.000877367070757;48.0
571;0.609645246524;0.0;1.68565774962;0.925539099907;0.228358417436;0.000138523972961;30.0
572;0.518033365271;0.0369913089678;0.0575555203068;1.04054328461;0.645109349214;0.000919763144082;47.0
573;0.680983670237;0.0;0.473931049128;0.454608739007;0.656371693403;6.61343413518e-05;38.0
574;0.499382517783;0.0102088150985;1.75560729704;1.69987443762;0.289718694077;0.00141290538914;55.0
575;0.404255230364;0.0366044056778;0.136697333281;0.60734695895;0.904263908428;0.000827474899806;42.0
576;0.761920743498;0.0;3.27898190526;1.08884785975;0.164384286093;0.00077956477237;28.0
577;0.541371275103;0.0863709124584;0.0444381169652;0.367284347238;0.986671869495;0.000836360365677;48.0
578;0.566461592303;0.0;0.0725246040435;0.50767473341;1.0;0.00170671571999;33.0
579;0.437720225855;0.00848009413242;0.496967431026;1.1133715915;1.0;0.0030112993769;97.0
580;0.463175948863;0.0231574197292;0.0425227601091;0.599320195564;1.0;0.00269930804237;35.0
581;0.440644680518;0.0566064791579;0.0946135912156;0.457762797407;0.903829070047;0.00128570551985;38.0
582;0.517048395419;0.0;4.4053484726;9.9997665025;0.0202486004712;0.00177215379059;100.0
583;0.451010077133;0.0129500481414;1.2475669999;1.44004499554;0.276759862818;0.00154652965868;61.0
584;0.391043072921;0.00780687142317;1.0365563161;7.94900542789;0.12473059672;0.000534865004577;39.0
585;0.436321742918;0.00700052236747;0.557960212923;1.21100989409;1.0;0.00163632175923;41.0
586;0.497023343045;0.0172731799728;1.78206635083;2.09168249468;0.192921480142;0.000480742071606;45.0
587;0.501582455337;0.0347754337072;1.13578300216;5.62992743258;0.122768331931;0.00379323138665;45.0
588;0.510086447515;0.0527633530053;1.02103930437;1.97140192117;0.364649709099;0.00711557484877;62.0
589;0.683280498694;0.0996262825902;10.0;0.673976632351;0.265834653643;0.00124624843041;37.0
590;0.402879441184;0.0;0.017782593776;9.96228871482;0.0187430849416;0.000268981128376;100.0
591;0.451820281698;0.1886219732;0.874698078244;1.66922067266;0.0309477569841;0.000264058335943;38.0
592;0.532505096535;0.0244172768341;0.946524187446;0.722894309253;0.570765420408;0.000302217527667;49.0
593;0.471169599693;0.0;5.25591292554;10.0;0.0233820035302;0.00173687886568;100.0
594;0.412594406727;0.0186187270329;4.90783893017;5.72342668737;0.131233234731;0.00350927090548;39.0
595;0.731324093106;0.0574517121349;1.79222965125;1.33643402183;0.245177939378;0.00104548056551;46.0
596;0.540289752371;0.0576927389266;0.0731025438204;0.689629382979;0.732240603623;0.00120491646803;50.0
597;0.452585888201;0.0374294869263;0.170976814524;0.533084698048;1.0;0.00214703249329;44.0
598;0.669309823137;0.105816823142;4.10216679791;1.76935373809;0.108886866589;0.00283489781136;35.0
599;0.452914832853;0.0;0.01;0.278417150993;0.520473634387;0.00100575381294;100.0
600;0.432377088208;0.0599032920226;0.0403698134243;0.335194979415;0.192814401749;4.86396649293e-05;100.0
601;0.66900951369;0.0;0.279624277866;0.676297983505;0.344012718059;0.000912365514786;27.0
602;0.579366173085;0.0787084198679;0.108354529212;0.851907010284;0.504169069895;0.00256511607835;37.0
603;0.524889294811;0.0717161778892;0.059581622255;0.588724503299;0.776898782761;0.00266387340896;41.0
604;0.644440287363;0.0;0.01;0.323902361216;0.694831156452;0.000627033884237;100.0
605;0.403307322045;0.0;0.01;0.25221496051;0.353281006041;8.00008914617e-05;100.0
606;0.401914641271;0.179816587756;0.523598442303;2.05177344033;0.0178108675745;0.000387309731026;46.0
607;0.546463100958;0.0;2.14978030874;0.795874646538;0.348515008858;0.000477836578692;36.0
608;0.417381003904;0.0108123706563;5.75696588857;4.73542493646;0.0722548037797;3.05636873515e-05;55.0
609;0.316740121945;0.0112618563854;0.435247058939;1.40208360791;1.0;0.00148557343484;100.0
610;0.629996601442;0.0182093489755;0.455910972775;0.620435437677;0.529813232542;0.00118842360312;28.0
611;0.541020837265;0.0502698597544;3.38141938794;3.09159285873;0.134855486641;0.00202559930619;35.0
612;0.507699492047;0.0263816755139;1.51909550054;1.63433875616;0.430035231295;0.00129495445209;46.0
613;0.642556097338;0.0585101001291;0.810198346435;0.928301754805;0.399500088393;0.00189852927902;37.0
614;0.530709453394;0.0568001863012;0.293564688774;1.26700225823;0.36629036119;0.00135229606896;51.0
615;0.474641876767;0.0585042783148;0.184824751509;0.59080157858;0.727504453418;0.00248935814267;34.0
616;0.559252782026;0.0151456486313;10.0;0.747948523926;0.533089917719;0.00245438686005;33.0
617;0.444267859269;0.0164868106116;10.0;0.991580017858;0.685536074509;0.00105782344326;51.0
618;0.397017034747;0.0079988257784;0.531986552881;1.64844498792;0.902820124874;0.00146458735365;54.0
619;0.594991917241;0.0424634093725;0.991796563903;0.585358192432;0.680799525969;0.00170360342974;48.0
620;0.460321637487;0.0243153463393;1.86996793209;1.42003350899;0.36307577517;0.000581080649388;40.0
621;0.561443042778;0.0339922259448;0.223607829862;0.648024462523;0.908241928108;0.00100207335592;42.0
622;0.573311204106;0.0695574953539;1.27275771399;2.06159972973;0.168221894293;0.00178264065141;31.0
623;0.551203481266;0.0231119890455;0.326723107045;1.0734212899;0.476603945639;0.00233479236868;38.0
624;0.664832533692;0.0542282268965;0.443085952608;0.749264032971;0.569201224279;0.00135004504624;47.0
625;0.537155514453;0.0517557980722;0.514073936537;1.15688203484;0.308843971969;0.00032153325455;45.0
626;0.441529427775;1.47895333036e-05;0.0456255033432;0.465545093118;0.878342486987;0.00195095664788;57.0
627;0.572281888166;0.0;0.872417267217;0.531831652646;0.426326291364;0.00357933186561;100.0
628;0.583513739931;0.0144501440147;10.0;0.67679032443;0.443058000192;0.00147299509419;35.0
629;0.465404744848;0.0329140112022;1.82497272416;1.31134646449;0.32466649573;0.000684835222701;53.0
630;0.413102993873;0.0079783218684;2.72529624567;2.40237340746;0.263500451032;0.000191043481037;54.0
631;0.637630652244;0.157083545152;6.56484238843;2.24261408128;0.0618315321366;0.00183313818516;45.0
632;0.601855267873;0.0;3.20632745131;0.774358088349;0.223471567748;0.00505509928072;37.0
633;0.489523596456;0.014145653857;1.30475826379;5.31692947253;0.0791370866367;0.00287542306132;46.0
634;0.538462870468;0.0481535159156;1.14752668853;1.19404395645;0.304892006028;0.00104851094641;45.0
635;0.608811965526;0.116116696918;6.31194670335;2.01064193114;0.084281114171;0.00383651500883;41.0
636;0.513897932622;0.0;0.0827445233352;0.423970573882;0.971295463981;0.00105335934361;40.0
637;0.432080530168;0.0127771584374;3.70153580815;8.05284614465;0.118187957787;0.00382592425292;34.0
638;0.585667235011;0.069466154651;5.90933595505;3.70407631433;0.0660387430911;0.000797861900954;36.0
639;0.337918739849;0.0;10.0;3.9599192615;0.01;0.000411003958107;75.0
640;0.509194563696;0.0173028375923;1.24276079993;4.97458318833;0.101258096453;0.00549209750183;47.0
641;0.351487457346;0.0;0.01;0.363419522296;0.276860825872;0.000257043284853;49.0
642;0.485554121923;0.0167310666189;1.19158354568;6.61773687541;0.119784492509;0.00415614232161;48.0
643;0.503073079666;0.0;0.01;0.528819118166;0.688587805601;0.0024494091447;59.0
644;0.649669290611;0.0;6.10346554371;7.49486020835;0.0151335747241;0.00167385490912;100.0
645;0.322818189479;0.0407743380691;0.0426368786226;0.469741205421;0.994876577869;0.000617212877892;54.0
646;0.558168013138;0.029161712173;0.0641200246878;0.423835144702;1.0;0.000512521355518;52.0
647;0.543351017471;0.00193947457864;10.0;0.558383570063;0.40160588983;0.0024267329083;36.0
648;0.472435715339;0.020173920013;1.45573097698;1.82700833079;0.352076133719;0.00176396434994;47.0
649;0.42063012503;0.00795473953394;0.731432026033;1.09192748335;0.376778168503;0.00280964526021;59.0
650;0.394603837827;0.0;0.01;0.410727055593;0.601160094448;0.00348686649036;84.0
651;0.550615350843;0.031930752251;3.8891502347;2.25672132196;0.137361370541;0.00128754209744;25.0
652;0.650977422479;0.0621317244038;5.55387137635;1.18655995892;0.205170136134;0.00132190920516;28.0
653;0.405168913911;0.0;0.01;0.372371948423;0.437404605515;0.000172013621482;88.0
654;0.709936121515;0.0769597775028;0.614711179505;0.718537798632;0.45562545015;0.000755971509197;60.0
655;0.545657391828;0.0408575203259;0.238417741099;0.594788671802;0.896793278094;0.00108067158294;36.0
656;0.486309558051;0.0331100656438;0.077315262511;0.615175998199;1.0;0.00174305204426;37.0
657;0.508894907619;0.0;0.648460127864;0.620481414353;0.188667380096;8.79924286939e-05;100.0
658;0.555992312774;0.033358691913;4.71717861661;1.71049406204;0.208531216828;0.000221134282607;25.0
659;0.356691505813;0.0;0.0237886764467;4.79269459979;0.0445302933724;0.00273235978433;34.0
660;0.59483452659;0.0287010852005;4.13932747496;1.29702393364;0.298637955018;0.000953692290515;60.0
661;0.63673757318;0.103974207322;0.271363040283;0.439967677222;0.647240168217;0.00120033830564;37.0
662;0.515031936025;0.0;0.0173110619195;0.48631461871;1.0;0.00562238033929;45.0
663;0.606299210627;0.0433590697257;0.34173364215;0.506184523723;0.81919026914;0.000630442110763;62.0
664;0.45698135061;0.0554079131038;0.0409653830617;0.491584935091;1.0;0.00172850880353;50.0
665;0.505944309314;0.0;1.02415784948;1.20913049939;0.309943480958;0.000880414195983;32.0
666;0.481555741727;0.0;0.0221123033293;0.499085970555;1.0;0.000744200601079;65.0
667;0.634595168903;0.0;2.12660376263;1.28401480671;0.136158385778;0.0072460415944;31.0
668;0.579041911684;0.0;0.019329136737;0.386096444899;0.901257198302;6.36426098362e-05;100.0
669;0.591134857442;0.0872562370892;1.08054678439;1.30638249939;0.218328237414;0.00148071740825;92.0
670;0.517179157593;0.0300777431817;1.6372029186;2.19503653182;0.235886377913;0.000788035728914;37.0
671;0.528108634344;0.0990745084843;0.883998701269;0.683125706465;0.343543417748;0.00446959869754;45.0
672;0.683099689157;0.0;0.0215097963434;0.430882807;1.0;0.00118592824353;58.0
673;0.613349674685;0.0;0.62633930533;1.12258086563;0.23625701736;0.00148548467324;100.0
674;0.546557647013;0.0254234470784;3.43198349501;2.02830271446;0.166934313596;0.000813252155044;22.0
675;0.49744397312;0.061669844098;7.16209073973;1.5062750913;0.159305782351;0.00167518671554;70.0
676;0.564252539881;0.0665449517182;0.0367493504073;0.656928165848;0.764190237894;0.000475675958292;69.0
677;0.494915054846;0.0651080326625;1.27047794839;0.949565630259;0.319618484684;0.00116566275989;61.0
678;0.416551383577;0.0111717649803;3.80603698459;4.15836458588;0.162803279154;0.000190562396483;29.0
679;0.626014444775;0.073944120098;3.58662173191;10.0;0.0241417834525;0.000956820102353;69.0
680;0.495618443938;0.0;0.0448180940364;0.496363210762;1.0;0.00108172527518;78.0
681;0.465621320895;0.025576734724;1.19009729289;0.940237439605;0.507850177261;0.000970709382048;57.0
682;0.628120875306;0.0;0.144842773244;3.77105559011;0.0489362892931;0.0171971899923;30.0
683;0.541864043598;0.0249606117826;1.99315206344;0.836823969754;0.623771129682;0.00271859473868;51.0
684;0.466185515571;0.0222879024014;0.606199529526;1.97406373702;0.544196913685;0.00301512072212;65.0
685;0.481161427411;0.0265821580736;1.17172213066;3.04184434384;0.199479757877;0.00291523555539;44.0
686;0.588350233817;0.00108976977216;8.05780406844;3.9326133788;0.0506307656873;0.00224498498339;62.0
687;0.46165922776;0.0332997225466;4.96060994054;4.10138695657;0.116927553442;0.0011517829347;40.0
688;0.542812166812;0.0463445111892;1.66843384466;0.561483144575;0.57302016249;0.000192932325319;31.0
689;0.540416185804;0.0;0.901740060019;0.804274406053;0.334638425613;0.00559662985472;100.0
690;0.466121294508;0.0457286685309;0.0534022445353;1.0879035325;0.887776548937;0.00984706577929;49.0
691;0.532753935976;0.0277333722224;5.18530004532;5.50662016106;0.0404244336164;0.00197313427595;55.0
692;0.625317821791;0.0;1.48997037828;1.15874833856;0.240739161829;0.000358666160213;30.0
693;0.547188935405;0.0454143268891;0.0254346562451;0.404834158761;0.783724219085;0.0014442337898;100.0
694;0.44413213113;0.00977853524067;0.425539174588;1.38721905512;1.0;0.00107639823046;40.0
695;0.378115417531;0.0;0.0431637316663;3.62249577625;0.046589788058;0.00551585075323;34.0
696;0.575048041632;0.0333057354271;1.78978014458;1.16105554259;0.435992325491;0.0020443675861;52.0
697;0.546102627099;0.0;1.80922342502;1.11913773244;0.181145494538;0.00852599042303;35.0
698;0.525676983207;0.0;4.4222595358;9.99716897113;0.0179382826895;0.00253492725936;100.0
699;0.534206816648;0.0444761443122;2.92236998882;1.35765566537;0.247863666549;0.00387937904881;59.0
700;0.640870797825;0.138503595035;0.105364342916;0.6168608033;0.784995355549;0.000293715753025;64.0
701;0.565425467541;0.0187836322476;10.0;1.44590864065;0.228428077836;0.0024081951852;47.0
702;0.507464329461;0.0330460112915;2.22821811758;2.75674807749;0.107688651486;0.00305357471927;40.0
703;0.666362616474;0.0727579213632;7.48250956976;3.54884301996;0.0593693658789;0.00417160540056;45.0
704;0.509609114414;0.0424772555148;0.0783343838049;0.719384426543;0.995104452529;0.00180038777428;43.0
705;0.456854001565;0.0193543451773;0.220107008327;0.774740108017;1.0;0.00400521948546;40.0
706;0.590772985914;0.0728524598591;1.21412728204;1.07862686156;0.311889711621;0.00412929685773;49.0
707;0.352283078202;0.0;0.01;0.475589235397;0.642928781401;0.00453094092246;49.0
708;0.514195951035;0.0351891634291;8.60292921897;3.17630339611;0.108046823733;0.00850128024207;40.0
709;0.365644490911;0.0;0.01;0.48523448215;0.545358916581;0.00249135170851;50.0
710;0.553345785141;0.0;6.85278592062;1.06688862552;0.151364660163;0.00127203434117;29.0
711;0.48719107741;0.00815290950896;10.0;0.844965579072;0.439085922484;0.00238739279112;51.0
712;0.434588372032;0.0;10.0;0.836373343269;0.224571116712;0.00307971947261;42.0
713;0.526053983723;0.0;0.505893146906;0.379173827167;0.903030962337;0.00319727499931;56.0
714;0.406645416519;0.0405247474225;5.80408842654;2.60461742536;0.144677099847;8.27863410155e-05;26.0
715;0.463162936984;0.0369466868595;1.2543097458;1.09347544164;0.341672612163;0.00160923998196;60.0
716;0.426040612955;0.0354315446543;2.17312910289;1.34320426868;0.257278563619;0.0012477109718;53.0
717;0.363211211011;0.0;0.147369464128;0.491946582217;1.0;0.000333940668396;46.0
718;0.374197724618;4.65658700752e-05;0.151145875467;0.48916977552;1.0;0.000322477918003;42.0
719;0.347837066075;0.0114740921784;0.176430972726;0.698734224302;0.870719362837;0.000138795652088;45.0
720;0.953147491813;0.0;3.40682161303;0.514156441221;0.375345646597;0.0269087353632;32.0
721;0.620817951624;0.0;1.75878180662;0.482132551096;0.524572297506;0.000663189908156;44.0
722;0.48984299027;0.0;0.0647147121115;0.33271984961;1.0;0.00304161110736;57.0
723;0.590272817553;0.0;2.25006670156;0.392340359399;0.491883986129;0.00425548259638;48.0
724;0.599304445725;0.0;0.0913975760267;0.309885987393;1.0;0.00763781819458;51.0
725;0.424166766649;0.0;0.0257145679396;0.347786317779;1.0;0.00166950372704;39.0
726;0.463647827806;0.00302672286043;9.16625453462;4.5609178644;0.0450654329243;0.000951456174104;100.0
727;0.443868680834;0.0192712789371;0.123971223652;0.479200137392;1.0;0.000929072079267;42.0
728;0.459902769559;0.00117142562696;0.0180660265173;0.548783168894;0.990948529851;0.000687934239945;36.0
729;0.52694590278;0.0;0.0179534967493;0.339480192925;1.0;0.0102966316219;55.0
730;0.431749122379;0.0439390560864;7.22893480782;3.14886799862;0.0817241677438;0.000576170153405;42.0
731;0.560343735815;0.0;0.0612383450469;0.332117440109;1.0;0.00338513627824;33.0
732;0.442159654351;0.0;9.01686141054;3.83736803631;0.0419549781027;0.00223501019943;65.0
733;0.436699723976;0.0375960762953;8.03862145665;2.72855886344;0.0838132728922;0.00116395840983;35.0
734;0.455336434844;0.0553443289761;0.286132198814;0.876529672599;0.721317826777;0.000914496447118;33.0
735;0.41678632541;0.00892960592922;5.72279075653;2.0037832914;0.0901119788455;0.000130609432774;88.0
736;0.314465491833;0.0123141853919;0.658794872773;1.49192166043;0.257847895085;0.000157003925942;32.0
737;0.330749850108;0.0;0.0266749189713;0.471232286002;1.0;0.000410555964793;48.0
738;0.437316096305;0.0380339549511;0.557197636425;0.827547025845;0.440089216026;8.54660510208e-05;50.0
739;0.935429038186;0.0563383308563;10.0;2.69031734535;0.0948182255896;0.0275904377139;40.0
740;0.924331369414;0.101106810934;10.0;0.91240541258;0.283047824168;0.0184181545658;34.0
741;0.513771485984;0.0;0.75269472735;0.402307241526;0.699896646802;0.00554077263634;55.0
742;0.646656998708;0.0;2.71574819874;0.396779102203;0.434429096016;0.00624824102178;40.0
743;0.584757242154;0.0610404120613;0.46801534129;0.604447488746;0.54446971266;0.000904739143211;48.0
744;0.631446535139;0.0757673664811;0.548148867514;0.407868363494;0.770442616752;0.00280834480326;37.0
745;0.575198356044;0.0703728235335;2.2500324889;1.11732714575;0.249401216563;0.00158076120834;64.0
746;0.593225018101;0.0;0.215609733721;0.394256093233;0.669096845906;0.000155171904422;30.0
747;0.401610546636;0.0;2.26095400884;0.43568358231;0.503738601945;0.00126679524849;100.0
748;0.507448224528;0.0;0.24671243623;0.400407892572;0.910532733063;0.0012069568141;71.0
749;0.424568632957;0.0;0.152777299578;0.756851050386;1.0;0.00122039486541;46.0
750;0.93092153833;0.0478075674572;10.0;1.29831353302;0.205453100051;0.0156576397321;41.0
751;0.885957160144;0.0588021082294;6.97427973434;3.35797431939;0.0744973256452;0.0170397723467;39.0
752;0.625247147323;0.0680795318454;10.0;0.584367635489;0.394253387505;0.00307520025851;33.0
753;0.581822387186;0.0;0.690200181875;0.414810963781;0.506448591124;0.00195932249481;56.0
754;0.536428295811;0.0;1.76359407018;1.28158597571;0.133604642605;0.00388745440449;31.0
755;0.628051373645;0.064991733437;0.186181374068;0.397158181966;1.0;0.00239329046755;53.0
756;0.503469365387;0.0588993516746;0.332245119329;0.684968883631;0.655644215736;0.00277408257995;41.0
757;0.57326143902;0.0638859998977;0.254764503381;0.548169815871;0.71936101179;0.00207576579715;37.0
758;0.445836795191;0.0375431030156;0.14122096064;0.424272680513;1.0;0.000227476940603;63.0
759;0.481102516564;0.0300530637607;0.349420410509;0.521516972712;1.0;0.00158349049365;41.0
760;0.481038293142;0.0340685302066;0.208508606152;0.546542639927;0.822917863656;8.69132461292e-05;68.0
761;0.93606820098;0.0619248899459;9.11474115991;2.94839604012;0.0969918466703;0.0200722894733;49.0
762;0.901052885849;0.117480965486;10.0;1.01521466685;0.21751000898;0.0132196584259;40.0
763;0.927878623773;0.0996606795901;10.0;1.14097505869;0.228629771198;0.0215488246149;58.0
764;0.709212361436;0.0;0.080118660813;0.290629809044;1.0;0.012175255675;56.0
765;0.594057488054;0.0;0.0373906010794;0.318775405946;1.0;0.00233519406766;43.0
766;0.68262541075;0.0;1.04691709048;0.437114505624;0.62990957215;0.00140136252179;37.0
767;0.538543955393;0.0;0.253821780411;0.384380670746;0.603396696345;0.00109171653423;44.0
768;0.673506213112;0.0;0.172842614805;0.456910637679;0.861340584337;0.000364834155478;62.0
769;0.542290473481;0.0;0.056694193201;0.390052813631;1.0;0.000812216951466;25.0
770;0.571667675713;0.031031189866;0.467087645502;0.694870332655;0.492975946174;0.00109273582232;11.0
771;0.597778600215;0.0;0.477192775581;0.388249483585;0.635500399465;0.00130826564184;39.0
772;0.52911630918;0.0522109428081;1.50265876293;0.69988988972;0.410895153203;4.99727047843e-05;42.0
773;0.927541631743;0.0499951833952;9.86499961653;2.89542901807;0.095924109883;0.0210148283082;39.0
774;0.916698652412;0.0600792516146;10.0;1.10509744444;0.233762891919;0.0119570014536;33.0
775;0.588064940219;0.0;0.828406253871;0.564027715083;0.327911595298;0.00686158714829;100.0
776;0.547893825633;0.0;0.0345047256241;0.309674893114;1.0;0.00580650506584;49.0
777;0.631457208032;0.0;0.0732611142899;0.366564990654;1.0;0.00266974909593;63.0
778;0.537907724684;0.0;0.0115657704616;0.351048167195;1.0;0.00347950582414;50.0
779;0.491792238191;0.0394957283744;0.0612537184561;0.463441236155;1.0;0.000949708210798;58.0
780;0.427421062436;0.00515407286393;0.0392178290385;0.514104099753;0.983141881258;0.00239626822505;72.0
781;0.406084190241;0.0;0.0306236667802;0.347265162412;1.0;0.00050554957381;48.0
782;0.462834433622;0.046564496535;0.340569752006;0.49954637072;0.703017514151;0.000642663067519;42.0
783;0.382734046846;0.0202561074595;0.172379339658;0.553346498993;1.0;0.00018626356249;50.0
784;0.679140664653;0.00369867879007;10.0;0.564885254516;0.380277481962;0.00236630095597;46.0
785;0.568824538889;0.0497390083158;10.0;0.534600057738;0.527616087641;0.00555987813311;39.0
786;0.635335783745;0.0206515288633;10.0;0.661014083762;0.384086267751;0.00203951463806;70.0
787;0.686459041615;0.0;8.54161330153;0.585282273815;0.310508013204;0.0022092800384;77.0
788;0.666347499889;0.0462603406531;0.968346441181;0.469140748944;0.732753359613;0.0011678194248;36.0
789;0.654017009047;0.0279879437104;2.79932242255;0.567055189102;0.507482948601;0.000656823850057;38.0
790;0.451790833131;0.0637722428862;0.650279645238;1.16040199432;0.40967983313;0.000250878030488;22.0
791;0.395374865881;0.0474715784412;0.78098307648;0.817457478094;0.457614404875;0.00138378605851;35.0
792;0.455674423404;0.0389386621604;0.1680829525;0.66265133144;1.0;0.00183742457823;38.0
793;0.95206386106;0.0410208184322;9.04802712239;2.8950971707;0.118670298173;0.0106286930819;46.0
794;0.944948073788;0.0394136791271;6.76324824468;3.45848833801;0.0743158305631;0.0111959211292;37.0
795;0.941150389207;0.0462575548639;3.12732183162;2.48547955518;0.143590604313;0.00744362353117;37.0
796;0.607742354217;0.0219932750063;10.0;0.514870664156;0.350467599914;0.0041267407633;50.0
797;0.462343779608;0.0209213544699;1.06899001812;0.677047541034;0.414742233876;0.000409622811983;17.0
798;0.510414075426;0.053876958956;1.71446938615;0.866031889235;0.331677669067;0.000197551304207;39.0
799;0.414047814964;0.00766286456562;2.17913169967;0.800841933627;0.276845428186;0.000137276725278;18.0
800;0.529160776046;0.0;0.233907561766;0.366241794862;0.852767787262;0.000719390565151;50.0
801;0.444972978391;0.0155013651543;0.0638100762425;0.497069833165;0.826785491008;0.000265291669229;100.0
802;0.416767637623;0.0;0.0913308645723;0.406394395126;1.0;0.000736327398699;25.0
803;0.359274809887;0.0;0.0217150040553;0.470477395587;1.0;0.000638500230473;65.0
804;0.337465520558;0.0;0.0354584229472;0.496315954138;1.0;0.000367755305263;39.0
805;0.912892867946;0.117903439087;10.0;0.861877960615;0.292395513706;0.00728788837113;47.0
806;0.927429520108;0.0760456703538;5.92868257789;1.47462175271;0.19696773223;0.0141340707588;38.0
807;0.930729398899;0.0799347761661;10.0;0.942606675577;0.265619572815;0.00661789935311;27.0
808;0.487766787636;0.0;0.0205424753744;2.43313851444;0.191468517808;0.0133673375257;37.0
809;0.647298192473;0.0;0.01;0.333620972391;0.955478514451;0.0180863751382;43.0
810;0.562067559188;0.0;0.01;0.426298848754;0.96981196922;0.0138547848574;48.0
811;0.464439224351;0.0168855354289;0.068999019675;1.3172636844;0.706585784369;0.000999437362419;73.0
812;0.46013420989;0.0;0.395688806123;0.371551748626;0.773595483535;0.00150631684877;46.0
813;0.456062145886;0.0;0.0188848488649;0.525197079277;1.0;0.00457037451607;42.0
814;0.47138039701;0.0;0.011698872027;0.568747965041;0.996117061009;0.00862606352629;50.0
815;0.438291404368;0.0;7.78980577346;0.82704190658;0.316812043897;0.0039930457521;47.0
816;0.458096644577;0.00530690616334;0.126158288573;3.64786959608;0.230015692825;0.00182363576018;40.0
817;0.923083489399;0.0;9.89272911724;4.24844124958;0.0424926074522;0.0117107229757;68.0
818;0.460007506312;0.0223346011787;10.0;0.614866171891;0.435380232954;0.00185562949369;29.0
819;0.470927340613;0.0;2.33898864294;0.479203286557;0.46922835993;0.000295146480249;67.0
820;0.536996724889;0.0;0.748590045422;0.426983090266;0.577802319348;0.00148151541582;58.0
821;0.397157853098;0.0;10.0;1.47608348103;0.151284082371;0.000775567775579;98.0
822;0.405204495068;0.031655131855;10.0;1.04195418608;0.298767109311;0.000470417715805;46.0
823;0.628033357363;0.0;0.01;0.480365053952;0.852574240179;0.011167223584;54.0
824;0.399306446775;0.0181598629244;10.0;2.64571312902;0.114427163256;0.000454636327962;43.0
825;0.429491501577;0.0116243418333;4.52449352874;5.5769032081;0.134175740441;0.00124907397182;47.0
826;0.406037392639;0.0168707867655;2.20610826801;0.639834119471;0.862618826051;0.000512108612811;49.0
827;0.467710870501;0.0187552817663;4.50962244547;3.3142025945;0.125514306499;0.000356818048044;27.0
828;0.46186790584;0.0;0.0192280826599;0.421257525535;1.0;0.00829696556452;59.0
829;0.454960129154;0.0;0.215119112962;0.337621593743;1.0;0.00367898286305;44.0
830;0.446246617068;0.00760224318783;1.73872431297;1.56339389846;0.498543014375;0.000335760927319;45.0
831;0.435768963095;0.0139110719228;0.430378050187;0.868381827916;0.537349272288;0.00410745761462;47.0
832;0.45558712468;0.0;5.41401729324;1.1632958036;0.213902533029;0.00333834128858;46.0
833;0.420991226701;0.00375171021744;1.45099441598;1.45803405941;0.61871438658;0.000291523557427;61.0
834;0.436530584757;0.00476826751751;0.917032996249;1.59293310122;0.359902158404;0.00539471588883;45.0
835;0.455217405309;0.0;0.0210224830057;0.507345729441;1.0;0.00789571719132;46.0
836;0.939287698982;0.0441343516703;10.0;1.2692686639;0.242179163728;0.0254740772599;37.0
837;0.9449426179;0.0587631825577;10.0;2.34981528489;0.14454669925;0.0237501697656;41.0
838;0.558343512754;0.021708970685;10.0;0.555448896423;0.618606108213;0.0108764344402;34.0
839;0.613663138558;0.0;0.125643987684;0.308123470238;1.0;0.012983884709;44.0
840;0.615506338336;0.0;0.0498446604925;0.306530426699;1.0;0.0149731328884;45.0
841;0.475812207599;0.0;9.05276451312;0.724533310168;0.329913610594;0.000889258050411;29.0
842;0.522092649094;0.0125316698111;0.210261789084;0.604387697126;1.0;0.00329391163042;40.0
843;0.586856397703;0.0;0.24130599475;0.547808060855;0.698799528641;0.00233448292144;25.0
844;0.49946254753;0.0;0.106268557833;0.453223207096;1.0;0.00145630647363;46.0
845;0.505359613145;0.0;0.0379128330261;0.404573109646;1.0;0.00735976284141;50.0
846;0.426121186398;0.0;0.845142926777;0.963891927462;0.345990916103;0.00565280933407;36.0
847;0.828822775756;0.119552729329;6.74288726632;1.37850362366;0.240964494962;0.00440284665047;41.0
848;0.668841544479;0.0154082316602;10.0;0.605568573927;0.38515339879;0.00222853672136;42.0
849;0.533211742373;0.000885029251753;4.40619750938;0.796467553254;0.25050182765;0.000746959932514;66.0
850;0.532586046913;0.0346612951115;10.0;0.54580099523;0.482409450362;0.0036315396464;32.0
851;0.530339387973;0.0468325119161;10.0;2.52094678668;0.108209350939;0.00401751267916;42.0
852;0.409061739575;0.0;1.79425386298;0.470136368234;0.533272034877;0.00040898037846;52.0
853;0.518798479584;0.0317918243952;1.13375678993;0.826931946714;0.475523673777;0.000335409716639;32.0
854;0.392243455053;0.0230800006309;3.0597143118;1.10001291492;0.437543115494;0.00161051216622;65.0
855;0.383018380847;0.0110953109318;4.47277397622;6.00898287932;0.146904938142;0.00156528026197;40.0
856;0.459379451848;0.0111328268232;4.97218374627;3.31182352121;0.160845718039;0.000582453967754;33.0
857;0.91631547245;0.0;9.32086537561;5.809764232;0.0282481502974;0.0283429612301;100.0
858;0.553886080411;0.0774457563986;10.0;0.58357489872;0.322082074944;0.000598262653604;29.0
859;0.61496741071;0.0244104189691;10.0;0.513889314627;0.52200433129;0.0114963188848;42.0
860;0.561950781772;0.0602651053177;10.0;0.592207379026;0.415690133751;0.0011236662026;38.0
861;0.417720094336;0.0199770599064;10.0;1.07357725037;0.303850350769;0.000144697965382;41.0
862;0.552147572297;0.0312880453571;10.0;0.617253547304;0.370944743992;0.00210180332598;41.0
863;0.435999658923;0.0530497420796;10.0;1.82546019936;0.149230308878;0.000913010090586;54.0
864;0.37441380718;0.0112368617728;0.654151542087;1.81702702009;0.812807170049;0.00138873431084;52.0
865;0.348672565201;0.0118697924203;9.8348647262;2.43328247993;0.159502959745;0.000237594583298;37.0
866;0.358872863612;0.0152272657287;6.23032303123;4.14800276904;0.136005342406;0.000558732698098;36.0
867;0.475381290477;0.0218197341867;10.0;1.36259949674;0.227340776904;0.000467248987098;39.0
868;0.507542864981;0.00800296897701;10.0;0.683195928091;0.334167361261;0.001751692589;34.0
869;0.517555475872;0.023131293237;10.0;0.691699788012;0.667859450243;0.0070468004629;100.0
870;0.433125421345;0.00973941009106;1.34286444882;0.727310525395;1.0;0.00307607409865;36.0
871;0.369916453996;0.0201260046575;1.95662551632;1.1295738408;0.369612283216;0.000973229088178;57.0
872;0.466708935292;0.0;10.0;0.72471157449;0.354080614611;0.0029550321658;27.0
873;0.394811344904;0.00679186559361;9.94562668525;3.18924275309;0.179559010379;0.000153408971474;48.0
874;0.433712808862;0.00576049585913;0.579963988038;1.64716422661;1.0;0.00294296426413;100.0
875;0.403922744244;0.00818793570669;4.8313291837;4.44350286866;0.113614042819;0.000203243062985;35.0
876;0.538455713759;0.0;3.07848246842;0.498577431569;0.552685413983;0.00191757143133;41.0
877;0.450877084282;0.0305139549891;3.92518946582;1.28227183533;0.277285637525;0.00140000065163;37.0
878;0.524740134308;0.039152985632;3.57586179656;0.964213115684;0.361318611123;0.00268932666629;64.0
879;0.524516070139;0.046172408718;2.74314583484;1.15312278606;0.337368532007;0.0016288838815;56.0
880;0.459716157251;0.0202364766665;0.776176184726;0.943272139438;0.75051280687;0.00205567918362;48.0
881;0.464523791575;0.0241162658135;3.3161444444;1.05424886767;0.304760830343;0.000501053746569;24.0
882;0.417739505038;0.00508479705699;0.540519276302;1.59029354522;1.0;0.00376896702723;100.0
883;0.430694221982;0.00782733048862;0.449089372086;1.24604544838;1.0;0.00262762208673;74.0
884;0.400446995752;0.0221775480657;1.60309108073;1.08715904065;0.420353694152;0.00163753626351;56.0
885;0.516309588383;0.035265183536;2.65644100324;0.87560372587;0.370266985396;0.00154069624263;41.0
886;0.526409165396;0.0326592257961;10.0;1.85703579316;0.179794621887;0.000655628423486;49.0
887;0.457398000297;0.0271808809811;3.29912368442;1.05673322653;0.335014220179;0.000800610759355;54.0
888;0.426287143931;0.0268044455894;4.70661959083;3.95805746745;0.0819973729947;5.74659469768e-05;35.0
889;0.450028449615;0.0105435827397;2.58219489522;1.21547779377;0.722273993133;0.000196197735126;100.0
890;0.435463379163;0.0216442965196;6.59385560096;2.93538863;0.128950366868;0.000209725053209;34.0
891;0.416257148871;0.00810334824426;0.765924928808;1.03927630876;0.729488914735;0.00176806176703;48.0
892;0.425806849653;0.0;5.54779921393;1.39697379231;0.205278771803;0.00094178205005;33.0
893;0.439943489857;0.00748064512298;0.55411842864;1.1571108776;1.0;0.0020024295949;91.0
