;thetaS;thetaR;alpha;n;resid;NrIter
0;0.917332812651;0.0451831494062;4.98494861481;1.25851804116;0.0133521306486;23.0
1;0.530772402052;0.0;10.0;1.21792705327;0.00244280916269;40.0
2;0.959374891056;0.0198112748537;4.4423245361;1.3852249046;0.0200713651931;25.0
3;0.718307978596;0.0;10.0;1.18802872989;0.00967358801619;30.0
4;0.894914829235;0.0842161811786;10.0;1.39585853445;0.0133821854928;100.0
5;0.687849940087;0.000166758253108;10.0;1.20035017396;0.0305111304226;32.0
6;0.682539147565;0.0;10.0;1.17843292538;0.00540736950373;31.0
7;0.625548097433;0.0;0.302378794805;1.22250924867;0.00676928421791;37.0
8;0.583750551843;0.0;0.378869436699;1.22291709801;0.0122162980357;32.0
9;0.870968734874;0.0;10.0;1.15179503834;0.00988195159361;30.0
10;0.599081910024;0.0;9.72924475642;1.12248437288;0.00344835539459;38.0
11;0.645707147225;0.0;1.76652734214;1.16911898998;0.00713850412887;32.0
12;0.538260686271;0.0;2.64458297908;1.15786559869;0.00283601861375;35.0
13;0.973519346824;0.0299113452141;4.02833578212;1.49902757104;0.062115706822;30.0
14;0.658625374877;0.0;4.47615394018;1.15428442004;0.00328189046023;23.0
15;0.974915974206;0.0370784621081;3.64502351547;1.43951296209;0.0530322884624;29.0
16;;;1.0;1.5;;2.0
17;0.692440072241;0.0;6.71650934744;1.18944055253;0.00974033438284;38.0
18;0.634402752185;0.0;3.25983000999;1.14311948838;0.0203534548381;57.0
19;0.952523585754;0.0440590052828;6.74590060624;1.33781177653;0.0416114243754;26.0
20;0.952851110751;0.0337430807342;3.37479649665;1.36294055385;0.00673349582467;27.0
21;0.566062017282;0.0;3.22150842012;1.20004033702;0.00330511910051;25.0
22;0.592602417007;0.0;0.908432025586;1.17543896353;0.0136580699998;33.0
23;0.93911810384;0.03364466976;7.51267839518;1.39331041245;0.0352130052451;34.0
24;0.575404600524;0.0;9.09694936048;1.10605757313;0.0145069369521;48.0
25;0.673189280936;0.0173077373606;10.0;1.14599807868;0.0128647810755;41.0
26;0.688050583841;0.0;10.0;1.15525940271;0.0106695410198;29.0
27;0.940011863518;0.0363973952533;8.80725563214;1.37833237172;0.03305817462;32.0
28;0.605516329642;0.0;10.0;1.13833043104;0.00584076824496;29.0
29;0.822085143919;0.0;4.08273211497;1.15524032742;0.0148231533849;38.0
30;0.550560915174;0.0145049401503;10.0;1.19372573892;0.00308441705647;69.0
31;0.634657615135;0.0454648915143;10.0;1.23147759562;0.00458956953733;54.0
32;0.628887238547;0.0;0.841227446289;1.19390061273;0.0150983630039;37.0
33;0.718678870066;0.038324508876;10.0;1.21814782834;0.00578296089076;34.0
34;0.945278208485;0.0387356175826;9.85616093992;1.26471537893;0.0299281741679;21.0
35;0.622318223068;0.0;2.76744181286;1.18069969175;0.00584941706943;21.0
36;0.932220316067;0.0423971699541;10.0;1.27795164205;0.0221869981996;48.0
37;0.74316022745;0.0;6.30202423045;1.18760891276;0.0118865110593;35.0
38;0.536517696138;0.0;3.52769394523;1.16468424055;0.00464447711522;35.0
39;0.571905414415;0.0;3.76897151591;1.17077055607;0.00261127757454;36.0
40;0.946176130836;0.0414304812786;10.0;1.34128828975;0.035998072822;21.0
41;0.576662303835;0.0387843641765;8.5430904244;1.19373235426;0.00346533939176;26.0
42;0.968244811142;0.0392944692433;4.25364793679;1.56101185197;0.0539336077942;100.0
43;0.615310059324;0.0;1.21990679971;1.17034851369;0.00202411838695;28.0
44;0.510748494196;0.0;0.384090730047;1.18827746554;0.00645226785563;31.0
45;0.514463411942;0.0306108101442;1.3808103256;1.24251115534;0.00027370742978;10.0
46;0.474094721877;0.0;1.55189000791;1.17154182751;0.00514263215281;30.0
47;0.905476460945;0.0597291962801;10.0;1.53580666182;0.0130904951601;100.0
48;0.888667214613;0.0869583693595;10.0;1.44881586604;0.0392642566465;100.0
49;0.503429251999;0.0;0.203252818357;1.32326583719;0.00647385668988;38.0
50;;;1.0;1.5;0.0;2.0
51;0.649177230728;0.0;0.495043886917;1.17841631361;0.00114884406395;24.0
52;0.691080309209;0.0;0.936079710224;1.14682469703;0.00687864082618;31.0
53;0.926275079932;0.0607618594468;10.0;1.36357192778;0.0448286574016;100.0
54;0.919273269787;0.050551409035;10.0;1.35982004664;0.0498859637858;95.0
55;0.651181610155;0.0;5.97253853739;1.15671343724;0.00366680521482;39.0
56;0.963367674874;0.0453502120296;7.31011225671;1.30748849304;0.0529043597562;40.0
57;0.484606387951;0.0;0.422177674755;1.22538885646;0.0144315552001;32.0
58;0.394214663423;0.0;0.86179020633;1.24512828722;0.00396497965671;37.0
59;0.817881033313;0.0637974889117;7.96169595678;1.23353664941;0.0135431341885;23.0
60;0.553069115336;0.0;5.92582102611;1.17717440904;0.00138470656081;33.0
61;0.704384277444;0.0646475677605;10.0;1.1767526778;0.0173872424204;38.0
62;0.508944448372;0.0;9.46256220777;1.14111572096;0.00177213049629;48.0
63;0.924803446945;0.0470449566005;10.0;1.21681686064;0.0329597363905;37.0
64;0.459923302583;0.0;4.38703909981;1.0951308278;0.0113728570054;43.0
65;0.537957998452;0.0;0.195568362849;1.22355926498;0.0162668351041;46.0
66;0.899416741284;0.0;4.53331624041;1.13903287453;0.0195509793921;20.0
67;0.592701368818;0.0;1.36851391922;1.19910757529;0.00227656378526;24.0
68;0.541459721635;0.0;0.946681293993;1.32710450317;0.00574172186646;25.0
69;0.587475025681;0.0;10.0;1.18658857995;0.00725750064252;34.0
70;0.903603284376;0.0300209734073;8.57842514109;1.27386949831;0.00949531448863;20.0
71;0.592748005578;0.0140234827373;10.0;1.188934405;0.00178103367121;69.0
72;0.59155185666;0.0;10.0;1.18688507979;0.00513064283338;27.0
73;0.905832663679;0.0449188210379;8.76500960047;1.32267164012;0.0209498743128;25.0
74;0.602805631438;0.0162832080505;10.0;1.25228950547;0.0108743315823;34.0
75;0.975105277246;0.0117869568723;7.09404085593;1.49100402239;0.0336513598114;70.0
76;0.489909462124;0.0;10.0;1.18789484518;0.00300933322729;32.0
77;0.658918117107;0.0;2.64901089493;1.17774750019;0.00439776323759;28.0
78;0.667860629415;0.0;1.17322395739;1.25411964307;0.00831076067372;33.0
79;0.90027319285;0.0705897371838;6.08860046408;1.2734091294;0.00499190285428;23.0
80;0.537752286528;0.0;0.650214078963;1.22470618157;0.00436104006407;29.0
81;0.745867787315;0.0;10.0;1.14791535846;0.0231808235349;31.0
82;0.93698983498;0.0440843375558;10.0;1.33981903951;0.0324685096946;47.0
83;0.637272215746;0.0;5.39154758085;1.13454874696;0.00666305083133;37.0
84;0.549209596578;0.0587749218411;0.0420188873207;1.60585277256;0.000757350326775;41.0
85;0.920072742734;0.0;9.66863029794;1.15086928805;0.0122247728838;39.0
86;0.543098387451;0.0669486537742;0.0978985122129;1.51165605749;0.00483039471409;100.0
87;0.853965879397;0.06999065207;10.0;1.2827847955;0.00336797971;48.0
88;0.63530796519;0.0;2.55916606015;1.13122645396;0.0162741706955;36.0
89;0.519059970081;0.0673558051024;1.47913994765;1.25714395062;0.0038158857314;100.0
90;0.689699234936;0.0;0.545317850984;1.16100519714;0.0360925515032;34.0
91;0.672228724394;0.0;10.0;1.11126357061;0.01688666418;32.0
92;;;1.0;1.5;;2.0
93;0.556623447515;0.0;0.308384592584;1.22507874371;0.00448040194315;30.0
94;;;1.0;1.5;0.0;2.0
95;0.610299921534;0.00334673398278;7.13986650471;1.1388407797;0.000779430900368;11.0
96;0.617947193698;0.0;10.0;1.14653554189;0.00289138720857;33.0
97;0.48439307132;0.0385846604358;10.0;1.23153732879;0.00122384719829;55.0
98;0.85609008851;0.0811521898344;10.0;1.35847049695;0.028508167284;95.0
99;0.910208128152;0.0584451430799;8.79625614696;1.30319763036;0.0416242662438;41.0
100;0.604076597163;0.0;5.67112319957;1.22248636662;0.00346710893541;27.0
101;0.912187113553;0.0366659699329;10.0;1.33418034572;0.021090973158;100.0
102;0.834238958709;0.0716807454186;9.97343076223;1.21270959688;0.00743220171432;24.0
103;0.506545608656;0.0203496246234;10.0;1.29801476088;0.000583110632068;33.0
104;0.546896603023;0.0;10.0;1.2473279041;0.00237443132668;29.0
105;0.537459225201;0.0;6.65192330436;1.30193298971;0.000344486600918;29.0
106;0.495276980149;0.0283359119615;1.42135394803;1.54713476012;0.00412662215665;100.0
107;0.531895402858;0.0;5.48200140133;1.27323618654;0.00124417732616;25.0
108;0.532380203193;0.0180430557317;10.0;1.27821594093;0.00549911993439;48.0
109;0.731323690102;0.0272373094415;10.0;1.3325827986;0.0155034728667;40.0
110;0.737975836335;0.0;4.40281817637;1.16217879548;0.016107527637;46.0
111;0.729326582584;0.0;0.727735488144;1.13812686757;0.0322558425793;100.0
112;0.59777478726;0.0321531770434;10.0;1.20193585974;0.00594391395352;28.0
113;0.90498467478;0.0528270992982;10.0;1.29273691548;0.0238660679835;39.0
114;0.882765699314;0.0;10.0;1.13593729535;0.00845193916826;28.0
115;0.519052661416;0.0135427259421;10.0;1.27647396393;0.00122578366184;33.0
116;0.591262430873;0.0449257564887;10.0;1.47654872618;0.0404668420997;100.0
117;0.806323218709;0.0;5.34521891416;1.1230000724;0.0140426058782;38.0
118;0.46021459224;0.0267910505766;8.06759334772;1.30986648325;0.00209455643539;24.0
119;0.583672335648;0.0390303313483;10.0;1.19803911083;0.00957435807238;31.0
120;0.622469239853;0.0;10.0;1.16530168511;0.0116841286097;31.0
121;0.756438150312;0.0;10.0;1.14105417651;0.0295359347662;33.0
122;0.722785567519;0.0271835385117;10.0;1.24101565682;0.0120786199884;46.0
123;0.693240476613;0.0296950070159;10.0;1.44922577944;0.0587400105963;100.0
124;0.751791017381;0.0496374930764;10.0;1.23967257131;0.0133106963157;36.0
125;0.519194403169;0.0;0.0253234674277;1.35492881312;0.00525491853514;38.0
126;0.543715662776;0.0;2.07902886661;1.17830646743;0.0126100002159;33.0
127;0.76214543287;0.0148622761321;10.0;1.22334448202;0.0102724336345;31.0
128;0.699705498853;0.0;1.50193592285;1.18607474773;0.00560896989061;100.0
129;0.688887358149;0.0;10.0;1.12047704108;0.00189022975212;38.0
130;0.685773385905;0.0590324887234;10.0;1.18483155834;0.0198014317693;38.0
131;0.686335129669;0.0;3.77085109613;1.21655972792;0.00964524877336;45.0
132;0.586294115683;0.0;4.12225167224;1.16339128949;0.0136736871314;31.0
133;0.569129982897;0.0211026432711;10.0;1.21904650549;0.0171208156426;35.0
134;0.616784014893;0.0124897631661;10.0;1.19888586035;0.00727957846705;73.0
135;0.778301002255;0.0;2.16445853313;1.10792306397;0.00344531382596;34.0
136;0.680468925361;0.0;10.0;1.1449424358;0.0252436899339;34.0
137;0.878286819593;0.0;5.01269985026;1.1355231465;0.0268771934789;38.0
138;0.899691278283;0.0;7.37218677754;1.1508585008;0.0725291059882;52.0
139;0.78411671852;0.0;10.0;1.14981155336;0.0124641766043;28.0
140;0.729329326028;0.0335814605041;10.0;1.34879585953;0.0145287373355;44.0
141;0.623957895425;0.0;1.73185215389;1.19990901765;0.00951874561053;33.0
142;0.841687735409;0.0;1.44957552315;1.13120026724;0.027003357738;40.0
143;;;1.0;1.5;;2.0
144;0.730480468736;0.0;6.17360787692;1.14221862897;0.00600468129907;22.0
145;0.72665200956;0.0;9.01196418405;1.14950017378;0.00484108220144;51.0
146;0.660346773438;0.0;10.0;1.11580652378;0.00325938294712;29.0
147;0.375584667604;0.0;0.01;1.38874218875;0.00151879910938;53.0
148;0.446311852068;0.0;0.0414320547962;1.16910428214;0.00298401213872;41.0
149;0.595611401552;0.0;0.597152371286;1.16295474816;0.0103584338171;95.0
150;;;1.0;1.5;;2.0
151;0.887731564849;0.0611204263546;9.8018376242;1.27095190602;0.00576438068163;24.0
152;0.679922150623;0.0;10.0;1.18219735036;0.00970726670787;31.0
153;0.536542037044;0.0;1.66548811518;1.20427042447;0.00224462467413;26.0
154;0.794472130549;0.168612307131;10.0;1.21317258584;0.0171527197728;43.0
155;0.604695181385;0.0;0.576009730383;1.28974228553;0.00139322398863;36.0
156;;;1.0;1.5;;2.0
157;0.449646459793;0.0;5.46227130884;1.18094396567;0.000589937308686;29.0
158;0.909816529036;0.0;7.36523732052;1.2027500831;0.0106014775223;40.0
159;0.925143037388;0.0552602934495;7.64932191221;1.22932486574;0.0184451874641;25.0
160;;;1.0;1.5;;2.0
161;0.8820393611;0.0;7.63538162492;1.17429401389;0.00872139227546;27.0
162;0.623652956504;0.0;2.8361967237;1.10122496146;0.000992536271264;39.0
163;0.922787645616;0.058124481502;7.13312289398;1.26190456684;0.0295688017414;21.0
164;0.634591467721;0.0;1.76491072863;1.12613899603;0.000381298429503;29.0
165;0.89220976411;0.0675026679986;4.83334391401;1.27908216454;0.00421243078568;24.0
166;0.572630252512;0.0;10.0;1.20038674405;0.0019599831518;30.0
167;0.602977142825;0.0;5.33043237239;1.16065087939;0.00267241101776;28.0
168;0.897692711389;0.0763724825276;10.0;1.29352973729;0.00475760529523;43.0
169;0.52010953878;0.0;9.57624322633;1.16195986474;0.00261531643994;42.0
170;0.586835759118;0.0;2.48950370696;1.16172691119;0.0130244714763;30.0
171;0.912177262809;0.0487367037464;10.0;1.28148791075;0.0132855371119;50.0
172;0.314682929123;0.0;0.0231803357662;1.23748579693;0.00196874658468;35.0
173;0.646900246387;0.0;10.0;1.14312752078;0.00526558561194;29.0
174;0.909666789948;0.0;10.0;1.13209951465;0.0457346224483;25.0
175;0.549467042282;0.0146633376438;0.351256712886;1.26775381955;0.00127509250872;66.0
176;0.549001426716;0.0;0.811068378008;1.2335669733;0.0015974817559;34.0
177;0.768491049378;0.0;5.84392579413;1.13499808179;0.0109002956994;36.0
178;0.44159570462;0.041551226582;0.202453973249;1.47276646448;0.000582047150602;35.0
179;0.873408346025;0.0;9.28348601258;1.13825886001;0.00898236093498;38.0
180;0.835314716174;0.0;5.34654189722;1.15224640099;0.0336512319624;40.0
181;0.334649653737;0.0;0.264815189001;1.11027934681;0.00586111842454;100.0
182;0.60165130949;0.0;0.205165311641;1.25012375515;0.0230687528753;30.0
183;0.927128283848;0.0;9.18218337659;1.16565115154;0.0224620260078;55.0
184;0.782751933079;0.0;3.47223064159;1.18433988348;0.00788006545023;36.0
185;0.820123102361;0.0251368177996;10.0;1.20405553608;0.00595075844337;66.0
186;0.590357586689;0.0;2.97361137834;1.18383040169;0.0118186021141;32.0
187;0.679934757042;0.00801797336726;10.0;1.18987899832;0.00470031658632;30.0
188;0.931901844313;0.0491854784483;8.93044004892;1.28868162366;0.0130284831271;22.0
189;0.591976330762;0.0111315554814;10.0;1.17827259018;0.00193807474764;66.0
190;0.591563351832;0.0;4.13035773747;1.21366526642;0.00392595669148;39.0
191;0.780337944647;0.123224006323;3.80432113938;1.24974482078;0.0105190170885;82.0
192;0.487428489991;0.0;2.56126882874;1.23708490547;0.0049274321342;38.0
193;0.544177943269;0.0362040617117;10.0;1.22602278351;0.0205162201044;33.0
194;0.568984306662;0.0;0.592508938579;1.24256423294;0.00448158826983;44.0
195;0.687420579412;0.0137383497835;1.41685447358;1.25027019462;0.000122718458377;8.0
196;0.536150544862;0.0;1.45984248054;1.18158597532;0.00500531350204;28.0
197;0.483028835819;0.0;3.5898268094;1.14745566171;0.00865966213066;48.0
198;0.576227175269;0.0;0.949453188377;1.22506617697;0.00105905436516;30.0
199;0.566403877782;8.37085761167e-05;2.55687620773;1.20562405504;0.00224961219538;33.0
200;0.687472343969;0.0;1.79661276208;1.12194302573;0.0165179377633;36.0
201;0.585231446976;0.0;1.78038950059;1.18361167852;0.00601478648205;32.0
202;0.602413396299;0.0;3.30740683843;1.20825733565;0.00120467342568;20.0
203;0.500881125704;0.0;0.697419060806;1.2124932302;0.00381673180773;33.0
204;0.706194861117;0.0609507358523;1.69942650705;1.26770329266;0.0014852074041;100.0
205;0.495877950221;0.0;3.99040174675;1.17659758938;0.00537423821533;41.0
206;0.53089080496;0.00708843308867;0.630563497105;1.27578952157;0.00425117070346;90.0
207;0.949227250411;0.0480475010413;5.17329356312;1.260154765;0.0196570094054;24.0
208;0.581319546806;0.0904911812398;0.19644470845;1.3820720436;0.00396464421582;81.0
209;0.706350265264;0.0;2.62878151233;1.12332428176;0.0183567646293;72.0
210;0.934248262343;0.0508837483266;9.42361992501;1.22807199546;0.0190211056667;36.0
211;;;1.0;1.5;;2.0
212;0.912500281929;0.0497390418618;10.0;1.24587722959;0.0169027482973;44.0
213;0.724983584968;0.0;10.0;1.17894883574;0.00195182836675;32.0
214;0.640026635857;0.0650257005406;0.87824908188;1.35735978896;0.0018099321638;20.0
215;0.919011565941;0.0473398501604;3.69862908576;1.32323424585;0.00748843533573;31.0
216;0.542421591593;0.0;5.74557142901;1.18051892618;0.00159768978194;100.0
217;0.655932925777;0.0;10.0;1.19225099827;0.00380205614275;31.0
218;0.905009460023;0.0515956736229;10.0;1.26078046857;0.0146626880612;37.0
219;0.475973009696;0.0;5.07552686096;1.23143395601;0.00437876943893;40.0
220;0.545756254468;0.0;2.81555436611;1.19660919359;0.00242595446859;22.0
221;0.857052871856;0.0459204406973;4.7260118612;1.35622766821;0.0222938350007;24.0
222;0.530086674337;0.0481291630326;2.0531002827;1.40376691041;0.00143753999331;27.0
223;0.619921982751;0.0;10.0;1.21445157409;0.0115744738139;32.0
224;0.908843925376;0.0604050719346;8.1749448178;1.31864213466;0.0329049127588;29.0
225;0.552388337075;0.0;3.97708054413;1.19698944364;0.00301806432044;34.0
226;0.590829045669;0.0336140050023;2.14340084398;1.32519995207;0.000389801849688;21.0
227;0.943268846264;0.0401789920268;4.28207536386;1.32399721502;0.0122867462944;26.0
228;0.519324061174;0.0284422805039;10.0;1.29982150183;0.00489443616474;33.0
229;0.562161678231;0.0342512611931;2.47236940394;1.38605989801;0.000667312753108;22.0
230;0.674860755567;0.0607378384575;7.21909427983;1.21236480955;0.000484115346208;20.0
231;0.642232630041;0.0636916127331;1.84821552261;1.24511693399;0.00045301112328;100.0
232;0.801742958539;0.0;10.0;1.17133541855;0.0054761110774;41.0
233;0.798916197161;0.0637316074946;10.0;1.18389164407;0.0102762547158;43.0
234;0.773623967795;0.0;7.77563377545;1.1473021415;0.00651042009661;31.0
235;0.590507928716;0.0;3.10701723178;1.17776297179;0.000613702379434;23.0
236;0.751882680824;0.0;10.0;1.13084546693;0.00533890158286;32.0
237;0.698667899727;0.0;6.67573135227;1.1290710957;0.00757085410752;24.0
238;0.724159481373;0.0459991693287;4.53443092942;1.33764646714;0.014915575943;34.0
239;0.493483812196;0.0181108907157;6.16295788951;1.33501588703;0.00135584985553;22.0
240;0.63593933231;0.0388190282007;4.61942248012;1.34581821756;0.00362758101472;21.0
241;0.491609998696;0.0245560759065;10.0;1.27904435522;0.00248631882894;60.0
242;0.510279404169;0.0;4.6816476272;1.23520561777;0.00475962367458;29.0
243;0.4645948153;0.0113499771169;1.87607976242;1.36747728774;0.0020166463216;100.0
244;0.658332201219;0.0231548091614;2.58354101484;1.3384326143;0.00182202953488;20.0
245;0.89335793316;0.0562252944238;8.60549526275;1.32514408735;0.0331671604814;28.0
246;0.432805690691;0.0168045031835;10.0;1.53311324873;0.00158649744382;52.0
247;0.489398338075;0.0216675416412;9.28539042681;1.30742225247;0.00192746125926;26.0
248;;;1.0;1.5;;2.0
249;0.424258998891;0.0162557080549;2.57732899462;1.5762652402;0.00110596245897;32.0
250;;;1.0;1.5;;2.0
251;0.923015382529;0.0349124121644;10.0;1.24853063037;0.012493465103;31.0
252;;;1.0;1.5;;2.0
253;0.458074199895;0.0;0.441574955252;1.22417940732;0.0126795647286;32.0
254;0.485789359227;0.0;3.71419699878;1.2540511534;0.00183695949898;24.0
255;0.631317758959;0.0;0.152079258739;1.29520514568;0.00368781802753;25.0
256;0.956068698065;0.037548103898;6.29422087994;1.40707974166;0.0350736063777;31.0
257;0.924725391482;0.0;6.62219819066;1.15462110585;0.0428187041386;32.0
258;0.581462679915;0.00216569659035;0.257024907437;1.27045498737;0.00409210150357;28.0
259;0.92058090364;0.0;3.9653416956;1.15003074493;0.0414521737327;42.0
260;0.529688587103;0.0259311135316;5.27844495171;1.30117892532;0.00403933183447;23.0
261;0.927477582392;0.0408803324805;10.0;1.27505787022;0.0181183005239;64.0
262;0.345626684332;0.0;0.759843360496;1.21235321181;0.00677753484029;37.0
263;0.845366727839;0.0;3.91191570105;1.16370895979;0.00998003038023;24.0
264;0.410059813696;0.0150185342941;1.43005558426;1.3362098179;0.00178458730796;100.0
265;0.921547005357;0.0397224430855;10.0;1.24092357921;0.0192353423506;38.0
266;0.598501221235;0.0;0.0400841222241;1.32844718319;0.00766430212749;36.0
267;0.940295173957;0.0376145463581;10.0;1.27132963796;0.0130446459227;30.0
268;0.576106708506;0.0;0.0283943625256;1.41430197879;0.0020313248987;35.0
269;0.518369951374;0.0;1.70851106834;1.21219931559;0.00944583844298;32.0
270;0.488890986028;0.0;1.07723287075;1.26885534307;0.00325799527224;19.0
271;0.544260799166;0.0;4.82103347614;1.18161073937;0.00126545714505;25.0
272;0.468854644027;0.0;1.7842351486;1.25483815135;0.00188275602773;37.0
273;0.803105354906;0.0935669541919;10.0;1.21923234318;0.00163494915729;32.0
274;0.883646532543;0.0774950818231;8.34756113778;1.28711353836;0.0195892415212;23.0
275;0.928653669521;0.0;10.0;1.19156464827;0.0184937893356;42.0
276;0.931192912906;0.00115057988471;10.0;1.20769430751;0.0229056332285;42.0
277;0.413985069624;0.00398548020093;4.5536888763;1.42877383961;0.00364321265058;80.0
278;0.63825593511;0.0;0.0768628506018;1.2720841342;0.0166457648458;34.0
279;0.908606120554;0.0550287076256;10.0;1.27390369723;0.0305125537494;36.0
280;;;1.0;1.5;;2.0
281;0.461123877418;0.0;1.1141183473;1.21815213653;0.00489991953406;35.0
282;0.423585166237;0.0;0.231374313957;1.23579587443;0.00106242534306;26.0
283;0.450694658853;0.0386130053926;0.165962794605;1.29457499227;0.000183749372037;35.0
284;0.44933354799;0.0;0.341668706392;1.2293987117;0.00709280187629;30.0
285;0.477693320555;0.0;4.57275728705;1.21179402925;0.0013006510674;25.0
286;0.94370333366;0.0414906312699;10.0;1.33832051377;0.039292112154;61.0
287;0.938165411385;0.037708902416;10.0;1.36156861138;0.0140990099069;52.0
288;0.418903976422;0.0124288402885;1.37797115823;1.84611155277;0.00199858001538;100.0
289;0.55683442138;0.0;9.7400269909;1.22972306779;0.000955655528324;33.0
290;0.467347195391;0.0187831702162;1.16673344726;1.49250495558;0.00451233701299;100.0
291;0.521123186257;0.0;0.134250173391;1.3015958901;0.00149177328234;22.0
292;0.924385866722;0.0561208993974;10.0;1.29428922986;0.017445325338;33.0
293;0.508150202934;0.0117905376459;8.58287766912;1.30675474117;0.00310496134602;24.0
294;0.564934787224;0.0;4.6909347089;1.31427538123;0.00111585669818;22.0
295;0.434882235359;0.0;1.1989697394;1.23727219125;0.00471546358365;36.0
296;0.520076162302;0.0253520288191;6.78775980931;1.33797759264;0.000862735810335;21.0
297;0.499820009035;0.0180045799911;1.91769951497;1.38844526391;0.00405001753896;100.0
298;0.890267665771;0.0;3.14076606005;1.13456203042;0.0314672061798;34.0
299;0.575325926315;0.0;5.22964907642;1.20823679139;0.00273160140815;25.0
300;0.46308432173;0.0;3.46055161394;1.16800034019;0.00479944097592;25.0
301;0.929331028534;0.0380138305629;10.0;1.30836868977;0.0136482500135;49.0
302;0.439259938518;0.0125030372707;1.10515607952;1.60760388058;0.0031235304127;54.0
303;0.94384919582;0.0402553607782;4.65477165181;1.44661366068;0.0241344303485;25.0
304;0.906755385054;0.0518004680719;4.62280200093;1.34980281433;0.0295744966558;26.0
305;0.536943773239;0.0;5.42655838843;1.18282096117;0.00580274223592;37.0
306;0.614896425721;0.0;0.13129659336;1.21484771214;0.00758195983549;26.0
307;0.518948841196;0.0;3.6132055369;1.25484724433;0.00170529648113;27.0
308;0.461233758193;0.0;0.871813899022;1.16559113891;0.007637717933;30.0
309;0.933168002983;0.0449415807611;10.0;1.29266166628;0.0190683725778;59.0
310;0.481147522259;0.0;9.21500411716;1.17560382881;0.00342731367451;42.0
311;0.520937618027;0.0;0.0195382970661;1.42239718111;0.0023602310733;36.0
312;0.492967872147;0.0;2.74370436888;1.23474133794;0.00212729449431;32.0
313;0.94384523596;0.0365705755699;10.0;1.34283679656;0.00649771425335;51.0
314;0.494027787457;0.0;0.225459489307;1.35884705869;0.00323421147143;35.0
315;0.954212626826;0.0394770114021;4.97863333833;1.35646405639;0.015032817737;33.0
316;0.956363886232;0.0453039995309;4.83816812955;1.33190077116;0.0528022398922;27.0
317;0.944176491131;0.0422077951593;9.51161408643;1.26612072638;0.0246760214987;24.0
318;0.868411412509;0.0812281560108;9.82912143892;1.19564757213;0.00915775317414;32.0
319;0.431085856562;0.0157425028009;3.4283765774;1.38815824745;0.00148101006755;100.0
320;0.44197948522;0.0146586936357;2.89270084568;1.47678201844;0.00105175357943;77.0
321;;;1.0;1.5;;2.0
322;0.925179233425;0.0;1.96797799659;1.18164864822;0.0272799356975;24.0
323;0.45517002367;0.00755593434552;1.77110955812;1.487231836;0.00142070276759;54.0
324;0.750439949232;0.0484649504499;6.25447551196;1.41751480787;0.0139512406884;28.0
325;0.935501815843;0.0398311231316;10.0;1.31262138153;0.00496374112683;35.0
326;0.510818706002;0.0;0.254022204586;1.21248290149;0.00134119464181;29.0
327;0.446864499495;0.0219332983823;3.06064160731;1.49959394519;0.00105342195059;24.0
328;0.48919644687;5.58496423724e-05;4.5899418512;1.20701166415;0.00137687873932;38.0
329;0.508593822792;0.0311798527467;5.560138083;1.44864854754;0.00366827038998;28.0
330;0.884312813826;0.0903003009074;8.14669218159;1.33796282102;0.0105187687168;25.0
331;0.40053962946;0.0;0.154680777572;1.28331356174;0.00540278697923;32.0
332;0.953451710192;0.0268179399977;10.0;1.50166716496;0.0311302443479;100.0
333;0.928199201136;0.0452666707601;10.0;1.36920147746;0.0194628501623;100.0
334;0.945792856223;0.0378144501105;10.0;1.37603589126;0.0317993752278;100.0
335;0.604705157834;0.0;0.030837710959;1.36471940906;0.0115234911521;29.0
336;0.473546188255;0.0130068487361;2.93093086936;1.43280550178;0.000729805039316;31.0
337;0.935599559055;0.0314407785293;8.63695116052;1.28174852321;0.0156725296316;25.0
338;0.461324733804;0.0193567674851;1.25890420054;1.5780850756;0.00175405740156;100.0
339;0.539603893011;0.00241909432683;10.0;1.31247742166;0.00150952691266;43.0
340;0.476875200645;0.0310154111499;2.12867676793;1.4364246495;0.000426603572657;22.0
341;0.68125632052;0.0;5.63694706426;1.19941885924;0.00274550437742;26.0
342;0.523142311889;0.0;0.958182911392;1.18547502078;0.00783028512698;32.0
343;0.555121086785;0.0;6.12076612348;1.22945548182;0.00252890543943;53.0
344;0.517211702472;0.0279824688372;0.842161382786;1.38378620379;0.00191689170924;22.0
345;0.579721379963;0.0351822375446;2.22014411952;1.27430072668;0.00409447370186;100.0
346;0.554758374411;0.0428481733974;0.161361941609;1.52293492063;0.00882821917278;37.0
347;0.517299693969;0.0241834961657;8.42686759319;1.41000609207;0.00116134664918;22.0
348;0.492373533361;0.0557372019494;1.90747325299;1.37424844563;0.00143371883578;30.0
349;0.512117602437;0.0226154414521;2.30165314555;1.28437389208;0.000629303061549;28.0
350;0.602702928645;0.104751463843;10.0;1.23259957458;0.00619790632455;39.0
351;0.501137214899;0.0;1.64911921032;1.21551514094;0.00495188478569;41.0
352;0.632988667124;0.0;4.60714985238;1.10810612939;0.00123551073704;38.0
353;0.471254865951;0.0;6.88263471631;1.21458216286;0.00192405575393;50.0
354;0.517465054002;0.0684607144821;4.6260253131;1.32062230995;0.00520366129995;31.0
355;0.595353754379;0.0;5.7079044876;1.25887381004;0.00530039140633;32.0
356;0.509663305717;0.0;9.43232729573;1.18192453589;0.00207303787612;36.0
357;0.653974950361;0.0424077352727;5.36236301285;1.18710563418;0.00130436788521;13.0
358;0.616561885846;0.0;3.94512726754;1.12017672959;0.00246730785075;39.0
359;0.525794190353;0.0292659042891;2.97273195207;1.45188708149;0.00186564061786;23.0
360;0.532197851644;0.0;5.28188935811;1.19974902883;0.000955949758831;32.0
361;0.316494565345;0.0;0.468784086479;1.14570428237;0.00154604432949;31.0
362;0.663233251313;0.0;10.0;1.19537926403;0.000896668163157;35.0
363;0.475120731672;0.0142116563299;0.954008290667;1.36714288346;0.00529730291206;57.0
364;0.460852443811;0.0;2.59226170628;1.23229789403;0.00077470733373;24.0
365;0.463491331999;0.0;2.08996680855;1.22501009301;0.00410621377227;31.0
366;;;1.0;1.5;;2.0
367;;;1.0;1.5;;2.0
368;0.502007757013;0.0;1.62763694728;1.23889615883;0.00121326524887;30.0
369;;;1.0;1.5;;2.0
370;0.529076754506;0.0;1.3745119568;1.24634414781;0.00550426517891;32.0
371;0.486687799888;0.0;1.29678270853;1.19418095472;0.00121851599791;30.0
372;0.538662277481;0.0459060172311;2.8418127291;1.32916446836;0.000552835765039;34.0
373;;;1.0;1.5;;2.0
374;0.436708469479;0.0115409941765;0.193258923863;1.44177358056;0.0044049689458;32.0
375;0.553150718469;0.0;0.574980817705;1.33948445156;0.00601480548241;50.0
376;0.431750120254;0.0;0.562994252927;1.34714033618;0.00164402805457;30.0
377;0.46880887357;0.0;4.56909389268;1.18396619328;0.00309513088567;26.0
378;0.521997441913;0.00576395877971;9.197981518;1.29801914866;0.00112662405465;23.0
379;0.473574328713;0.0420548885206;3.25523528997;1.46087870192;0.000272406729803;25.0
380;0.46493659989;0.0226353695475;1.50904763899;1.58913991991;0.00220508165617;100.0
381;0.591198549027;0.0;0.846207659212;1.28164579015;0.0133967761196;61.0
382;0.432226957338;0.0;0.493958528248;1.18075675034;0.000763842230504;30.0
383;0.60846631251;0.0276688023151;10.0;1.19314162569;0.0021765941891;32.0
384;0.503813875751;0.0;2.03337685672;1.24800249626;0.000352347541309;22.0
385;0.507818983876;0.0281530812748;1.38437168893;1.51395286048;0.00314980084088;100.0
386;0.51417320079;0.0;0.904411541625;1.32425740505;0.000910819867809;22.0
387;0.491395583643;0.0;0.6947930642;1.19778432178;0.00217531011618;32.0
388;0.497565912425;0.0;1.24898074931;1.22933606899;0.00323940143761;33.0
389;0.469648399064;0.000683877545506;1.96584196715;1.76558108697;0.00175317149268;100.0
390;0.419365556128;0.0202916583895;1.406270054;1.37876633073;0.000419120196219;8.0
391;0.497894147121;0.0;1.60305129486;1.19215262679;0.00138236282376;21.0
392;0.57731726925;0.0901229414464;2.05162111813;1.36459096026;0.00070331866077;31.0
393;0.579615648635;0.0;0.75491328414;1.24615323421;0.000795233064458;22.0
394;0.46003208911;0.0299201339486;0.131012155169;1.44810955751;0.000857215643001;34.0
395;0.549000042774;0.0429867249008;2.15112490153;1.35486192797;0.00352467636937;100.0
396;0.453767571845;0.0157208524633;0.9944020156;1.86529246481;0.00295228240103;100.0
397;;;1.0;1.5;;2.0
398;0.393980925419;0.0116924765352;0.956690731302;1.69111730784;0.00229749617833;100.0
399;0.437855892172;0.0;0.307956371264;1.28457760025;0.00302553209346;66.0
400;0.494295815951;0.0;0.594546817575;1.30180155468;0.0100036414343;100.0
401;0.525895326205;0.0465552822521;2.16932929718;1.34380207393;0.00455095877074;100.0
402;0.441496440219;0.00960389292776;2.57577992256;1.70509031225;0.00175657660247;100.0
403;0.450535970892;0.0237521035137;1.07871982876;1.58860978836;0.00242219131355;100.0
404;0.417028751785;0.0184443094325;1.86153572559;1.55956815669;0.00303568803611;100.0
405;0.407979078761;0.0;0.735015816921;1.21510922684;0.00566339036893;45.0
406;0.455449850465;0.00519236739533;0.690338481555;2.23300572385;0.00250202504574;100.0
407;0.539912854606;0.0232888350532;10.0;1.27822176486;0.00471338865097;31.0
408;0.541167127388;0.0;3.18193479763;1.29470587899;0.00306749919522;30.0
409;0.480882865942;0.000405213691182;1.58848831276;1.14416177155;0.00138372993196;27.0
410;0.515234133123;0.0314613215786;7.78730203671;1.33089154664;0.000352780788779;25.0
411;0.641834302532;0.0;4.21429406798;1.29922020788;0.00163735392676;30.0
412;0.543599197791;0.0;2.65641682947;1.13228789629;0.00177913348799;33.0
413;0.492079886875;0.0;0.411938322782;1.26845517142;0.0123552571688;38.0
414;0.359592387116;0.0;0.0149150026096;1.24764403419;0.00133422514888;39.0
415;0.48748974357;0.0;0.878603849356;1.35013858725;0.00424369064119;100.0
416;0.606908721512;0.0408571983345;5.48760027616;1.2841309676;0.00215209317184;18.0
417;0.622953723025;0.000414120355953;3.85084192395;1.17225141158;0.0030577689208;38.0
418;0.493543609465;0.0912779770721;10.0;1.23528839034;0.000584452687283;31.0
419;0.449614763601;0.00575663309284;1.37800986702;1.79404317346;0.0072073353794;100.0
420;0.493435754748;0.0;0.185296667388;1.43609290955;0.00453863111963;38.0
421;0.492993065944;0.0352390019933;0.961711160154;1.85486062774;0.00301285790402;100.0
422;0.445583849992;0.0248871539006;1.37590797868;1.45768126365;0.00187188530181;100.0
423;0.452743639626;0.0261590387244;0.736538058337;2.09562901568;0.00180324838376;100.0
424;0.445214762543;0.0628654874284;3.71844648518;1.35589865597;0.000628394072014;25.0
425;0.51759263718;0.0;6.56186160137;1.21777031061;0.00319349604561;35.0
426;0.489244987721;0.0909834210378;10.0;1.08789832971;0.00120841251678;47.0
427;0.551809187544;0.104094633181;9.36597341621;1.22757912256;0.00127956069449;43.0
428;0.648289653581;0.00119045956025;8.18093722234;1.17003902029;0.00191002520198;24.0
429;0.538885850763;0.0;1.91843591191;1.13320476161;0.00327201489521;84.0
430;0.531073174896;0.129575200339;10.0;1.18763082882;0.00144534266011;35.0
431;0.646691757267;0.0990462332635;4.19666664945;1.27319127588;0.00179686203679;21.0
432;0.54522125492;0.0654821695786;0.519797328022;1.60349293493;0.000794977479869;33.0
433;0.48983217756;0.0;2.06007453793;1.27982827257;0.00230920779985;37.0
434;0.480071807915;0.0;1.17158562016;1.36222225184;0.00210859107391;28.0
435;0.461512793031;0.0;0.522260602116;1.443855122;0.00410943103817;33.0
436;0.453204364968;0.0;4.00128950824;1.21528958649;0.00440237698573;47.0
437;0.461886889469;0.0568549340822;1.02162408566;1.46611108669;0.000561604591135;39.0
438;0.506041823498;0.0;4.11822876048;1.2725409178;0.000985249407334;22.0
439;0.443714834093;0.0;2.27999371005;1.2400087418;0.00199557014938;31.0
440;0.642816602413;0.0;9.38001968261;1.11441338939;0.000782500630823;31.0
441;0.448825221891;0.0;10.0;1.17005527191;0.00339504358596;32.0
442;0.526639059376;0.0;8.28601180403;1.05078907251;0.000258423120028;57.0
443;0.381220303208;0.0;8.11021602632;1.08351320586;0.00275380076921;41.0
444;0.472202028797;0.0968483343849;0.691028108587;1.34758853929;0.00486637404219;100.0
445;0.469328257334;0.0;1.23989791203;1.24626401971;0.00147290100203;30.0
446;0.45282453963;0.0;1.63926205087;1.19159706712;0.000513920247996;30.0
447;0.492031045061;0.013753776408;0.840888887216;1.7075124645;0.00305367342471;100.0
448;0.574756722069;0.0;0.842586303704;1.30608916143;0.00345415369269;37.0
449;0.325343211102;0.0832371048971;10.0;1.11086585869;0.000826395136603;36.0
450;0.47640173009;0.137712247131;0.348677893833;1.28260337624;0.00355571358904;20.0
451;0.495724823615;0.0;5.38664926214;1.19344905419;0.000358476244756;22.0
452;0.487108857799;0.0;0.658965282458;1.44587379086;0.00232474572171;62.0
453;0.423125218759;0.0;4.60800627076;1.19435111604;0.000580755202798;24.0
454;0.546151062334;0.0;3.70953012816;1.21071430131;0.000706309116527;33.0
455;0.570741400025;0.0;1.6658034006;1.1605600685;0.00714128120214;46.0
456;0.572203870227;0.0467891104034;10.0;1.24915721601;0.00128512521549;41.0
457;0.533183000819;0.0;2.01908104847;1.37471436008;0.00365639155;72.0
458;0.421606765028;0.0128258912684;0.729000611959;2.19309166687;0.00012203823476;21.0
459;0.418829938759;0.0;0.866736132938;1.20352595131;0.00352105131153;33.0
460;0.538323153334;0.0;3.48262878491;1.21175864091;0.00107466441323;26.0
461;0.519456941283;8.86236170385e-05;3.34700275251;1.22691513633;0.00271213358369;41.0
462;0.424000139192;0.0227120130632;3.55047764684;1.48813928319;0.000895566456472;23.0
463;0.490743087148;0.0282754727628;4.24253447059;1.18711750852;0.00139771042482;23.0
464;0.538122817366;0.06803553835;2.72548960477;1.290605766;0.00116735959955;22.0
465;0.453292730613;0.00939214937215;1.6669732045;1.7283355193;0.000877628418737;42.0
466;0.478283959272;0.0;10.0;1.26318468526;0.00197237206957;30.0
467;0.456338728003;0.0;1.92365441682;1.32377049959;0.000290310996409;25.0
468;0.398837973391;0.0342419607416;4.56143261906;1.38258516512;0.000117106956723;23.0
469;0.463973215778;0.0;0.601065537034;1.26183296132;0.0038961954691;31.0
470;0.503976208399;0.070413007257;5.1726814005;1.3171744314;0.00188274728308;19.0
471;0.463058195142;0.0;1.74869704058;1.27646092304;0.00150562500849;26.0
472;;;1.0;1.5;;2.0
473;0.436631518891;0.00388855626831;1.20748172479;1.84832342806;0.00132876282753;100.0
474;0.443145510445;0.0;1.09638201025;1.2749581466;0.00786533662794;32.0
475;0.49955270705;0.0374917831749;0.450974763199;1.66540618551;0.00219677854963;100.0
476;0.477986474678;0.00538716062493;1.21197084958;1.67281528021;0.00441385508071;100.0
477;0.499691120897;0.0360906001977;0.0841770858249;1.66321249017;0.00158046762548;36.0
478;0.630364536988;0.0;1.22271154627;1.22350872539;0.00479722353532;28.0
479;0.474737681092;0.00351689265161;1.22946679753;1.54433626513;0.00525786166358;100.0
480;0.431280599201;0.0;1.56687264244;1.23974137925;0.00135749914021;28.0
481;0.455141064752;0.0;2.86478430499;1.19420096324;0.010497418817;40.0
482;0.409286059532;0.0161789499245;3.26221613257;1.5257671224;0.000338439891661;23.0
483;0.53499098277;0.00250787667373;0.405763438337;1.41048169738;0.0173361139279;34.0
484;0.5820218237;0.0;4.25466763052;1.18103060383;0.00149276391899;24.0
485;0.612861752978;0.0;1.90374086642;1.28317437641;0.00119953217218;22.0
486;0.587112813161;0.0;0.85676641541;1.30320440412;0.00711810583181;43.0
487;0.479487969919;0.0;1.63710504123;1.20735712826;0.0113407753956;36.0
488;0.422606892812;0.0170949714097;1.6738818363;1.89461755828;0.000175003161845;39.0
489;0.408997741646;0.0115070575465;2.17065464573;1.54031792129;0.00179293730441;70.0
490;0.486219757194;0.0;8.32117920263;1.09763550667;0.00120271048028;48.0
491;0.469452186918;0.0;2.5823475066;1.20700641149;0.00553987820483;22.0
492;0.465632755065;0.0281266211826;1.09529478666;1.6961821621;0.00375820630495;100.0
493;0.53978463463;0.0326649725858;10.0;1.26500275903;0.0016957180421;35.0
494;;;1.0;1.5;;2.0
495;0.422458099024;0.0087486616013;1.97344134454;1.75571905112;0.000251092331954;41.0
496;0.427144694598;0.0;2.02984266215;1.19019373999;0.0041119249622;41.0
497;0.403343739088;0.00767026852631;1.5507269502;1.70963502841;0.000900218660414;100.0
498;0.421719037026;0.0;1.76265398932;1.26482028694;0.000743045070948;24.0
499;0.610274038023;0.0;5.35883946334;1.14221998383;0.00367107666669;34.0
500;0.3285342455;0.139255335519;10.0;1.04885593427;0.00015024933858;28.0
501;0.54675632247;0.0;7.19780133463;1.29408162318;0.00255279711936;36.0
502;0.516819380791;0.0;2.47086574862;1.20227502661;0.00629241218683;43.0
503;0.567923487139;0.0854019230698;5.19206533472;1.30590240067;0.00051315110675;23.0
504;0.495154515558;0.0;2.89771038419;1.3153929729;0.00081518145579;24.0
505;0.552349363217;0.0;6.37254685661;1.18289961524;0.000304585383035;39.0
506;0.446839909563;0.0246854482547;2.941453352;1.81999053624;0.00280704896469;29.0
507;0.428972506431;0.0543300462669;7.03893215026;1.42118218082;0.00210325498635;29.0
508;0.390760147484;0.0;10.0;1.0211574615;0.000115078383897;30.0
509;0.504811720271;0.0;0.493008949292;1.23558580287;0.0031660894693;26.0
510;0.448560613937;0.0061515182359;2.12873442371;1.27214560683;0.00198726242521;19.0
511;0.508399077292;0.0273632743834;6.34277093866;1.24181943878;0.00103288516271;19.0
512;0.561023899654;0.00627208471254;3.2901739097;1.23598007912;0.00249420578003;16.0
513;0.542039400474;0.0354184573225;1.02203870485;1.43390531435;0.000801265110939;100.0
514;0.527347056646;0.020896028304;1.43721681678;1.38352410681;0.00127201554217;86.0
515;0.76582197687;0.13451684526;3.86612586872;1.24745013403;0.00928333882463;22.0
516;0.571393368791;0.0490937042731;3.12936710208;1.25618086431;0.00363925779636;41.0
517;0.495172666469;0.0;3.05588640504;1.25481829594;0.00180680623328;24.0
518;0.451499209919;0.0233545538413;0.9318492847;1.75166336498;0.000670301250016;41.0
519;0.493800578209;0.0252715228732;0.914752215607;1.41934645862;0.00108986338018;100.0
520;0.545664287928;0.0209030376423;10.0;1.14193521977;0.00372723175636;44.0
521;0.552064458046;0.0454093723982;1.86009347802;1.26543768181;0.00158451065461;100.0
522;0.574420842064;0.0264893722182;10.0;1.42001775624;0.0163218974092;95.0
523;0.51677843566;0.0528289255481;3.50954516436;1.38476632565;0.00191472876745;30.0
524;0.569198925604;0.0655735296834;2.79803269237;1.26970286443;0.00172103688262;18.0
525;0.440577883184;0.00336043340135;1.92907408399;3.54772388364;0.00348495787984;64.0
526;0.536611666851;0.0323974126969;10.0;1.34274686752;0.00316441486424;39.0
527;0.473401609011;0.0107674006483;3.01416729417;1.34316618971;0.0053375108173;17.0
528;0.564314088977;0.0;2.72533687345;1.22636990603;0.00204497566075;35.0
529;0.57060703745;0.0251507252291;10.0;1.40021065722;0.014785002104;99.0
530;0.65124100803;0.0;10.0;1.15062896296;0.0113793684063;31.0
531;0.464394237003;0.0159533472304;1.47577247063;1.33933992065;0.000287135654147;15.0
532;0.403035705325;0.0072752475871;0.959391233444;2.15168743863;0.000632021825566;100.0
533;0.585107599026;0.0232461976639;8.97176742184;1.27255788464;0.0207785665665;33.0
534;0.404858761054;0.00693277934155;1.60650251104;4.42292212787;0.00354201804833;56.0
535;0.470877224719;0.0670625510153;10.0;1.05591516486;0.000796484745174;64.0
536;0.424517381953;0.0;0.287598678488;1.30731041209;0.00602996926182;38.0
537;0.478972295068;0.0436861561588;0.0833082711757;1.78107395409;0.00219884874866;54.0
538;0.506233321522;0.0;0.318571194947;1.42693802299;0.00285506163329;63.0
539;0.626897064341;0.0197887688723;3.41425475422;1.3346778647;0.00469071646051;20.0
540;0.44785900508;0.012255562676;2.4430017971;1.71319564448;0.000899033356699;27.0
541;0.488125031163;0.0152186843861;4.34085536649;1.37722466825;0.00878207409733;24.0
542;0.667815414298;0.0682951139943;10.0;1.32801742283;0.00948573731912;48.0
543;0.399919682014;0.0243742011796;2.73503398452;1.26706565964;0.00264297628401;27.0
544;0.657775593788;0.091532778393;10.0;1.26817165853;0.00713210875896;38.0
545;0.397734574412;0.00611757217423;1.21881040638;1.75250188263;0.00122884443036;100.0
546;0.57548142554;0.0542175758211;1.96140660918;1.30913657819;0.000731658980002;18.0
547;0.514903732848;0.0;10.0;1.13509937151;0.00289456883259;28.0
548;0.361482673097;0.0;0.166399047354;1.09722688422;0.00210718541788;81.0
549;0.429757376751;0.0;0.564314500665;1.27857200148;0.00130386933415;29.0
550;0.612069961091;0.0703094566087;1.28668819075;1.29450745599;0.000995102300459;47.0
551;0.403863044868;0.0;1.7215913482;1.20380758704;0.000966079514849;25.0
552;0.475495316859;0.0147984336823;4.30313291729;1.536666553;0.00362094546195;34.0
553;0.525036163575;0.0690822599576;0.846106275293;1.32660848639;0.00183240762034;32.0
554;0.585022084945;0.0;3.72995806382;1.17382356414;0.00117999319205;32.0
555;0.527924263011;0.0;1.39744888526;1.32938424376;0.00177013038454;23.0
556;0.666074873191;0.0387136906197;3.94311835679;1.30750200139;0.00578004490223;21.0
557;0.543195463079;0.06088085356;3.02303862818;1.43119867425;0.00613394402606;100.0
558;0.303259440754;0.0;10.0;1.04973458589;0.00160849332;34.0
559;0.503566485309;0.0;1.2895082524;1.26613138128;0.00626226498655;30.0
560;0.524563122039;0.0508898521496;0.945799656615;1.31668445956;0.000572165571034;39.0
561;0.423453135257;0.0;2.17064191012;1.21229245403;0.0023281086582;28.0
562;0.475030769047;0.0;3.20426478817;1.21937533079;0.00124278462529;25.0
563;0.603767269425;0.0;2.48544229429;1.14175002058;0.00966509603994;43.0
564;0.489649889626;0.0;4.25011173526;1.1606965433;0.00163109897407;43.0
565;0.57464117818;0.0;2.79575794489;1.17047421413;0.00443957374449;37.0
566;0.550854493216;0.0243674550382;1.98423542396;1.29316780752;0.000108548077099;7.0
567;0.472578136372;0.0118296017741;2.82237772029;1.38869184873;0.00132808651337;35.0
568;0.532703431628;0.0366746009968;3.34238181556;1.20506754906;0.00155631586324;100.0
569;0.457914120488;0.0159611202336;6.23883764629;1.48511728399;0.000439200040174;24.0
570;0.449166413471;0.0;2.91517309529;1.23363360957;0.00320244414809;37.0
571;0.605201555276;0.0;2.22515720428;1.1975984793;0.000235998736313;19.0
572;0.518033365271;0.0368686673511;0.126053745475;1.50626729718;0.00131192145311;51.0
573;0.648555876416;0.0;4.45011447969;1.19119488765;0.00191731037612;26.0
574;0.499382517783;0.0102088150985;1.53441424692;1.52036693248;0.00145700395275;36.0
575;0.402645315756;0.0;1.81968947351;1.22568573221;0.0019546912852;25.0
576;0.760380356891;0.0;3.48316896937;1.17633053887;0.000788991812123;20.0
577;0.522245564406;0.0;4.24385764752;1.1168332371;0.0023572532069;36.0
578;0.551682632506;0.0;1.41801271422;1.24921393497;0.00603312960432;29.0
579;0.437720225855;0.00848009413242;1.32526274565;1.69004690729;0.00389235654302;100.0
580;0.463175948863;0.0;0.493944108387;1.27944080701;0.00644035770331;47.0
581;0.43159786821;0.0;3.22751198079;1.15248054263;0.00248409572577;27.0
582;0.52564068632;0.0;3.02420433554;1.224522451;0.00250488331418;23.0
583;0.451010077133;0.0129500481414;1.2038232259;1.40393535808;0.00154702195929;90.0
584;0.391043072921;0.00780687142317;0.537670826063;2.55528351038;0.000872292868665;93.0
585;0.436321742918;0.00700052236747;1.25750314866;1.80758111258;0.00272816157622;79.0
586;0.500942303189;0.0172731799728;1.34977609752;1.44839688896;0.000729685826566;28.0
587;0.501582455337;0.0347754337072;0.611708133826;2.00793819517;0.00521898483902;100.0
588;0.510086447515;0.0527633530053;0.887879623299;1.78312164269;0.007142813226;100.0
589;0.656877501865;0.0996262825902;10.0;1.17449526877;0.00134408127649;33.0
590;0.402879441184;0.0;0.01;1.22119923448;0.00026287939378;33.0
591;0.452268420733;0.1886219732;0.82305533372;1.05242998865;0.000275126734026;41.0
592;0.524825505271;0.0;3.30375063741;1.26865010272;0.00077797026106;34.0
593;0.478416466674;0.0;3.85114165163;1.25443771959;0.00241217196981;30.0
594;0.417634318881;0.0186187270329;3.47717840234;1.91314178273;0.00486166005768;31.0
595;0.731324093106;0.0574517121349;1.76748962701;1.32949493087;0.00104637734013;47.0
596;0.540289752371;0.0;0.488539207271;1.23920369644;0.00283113578862;34.0
597;0.441455689883;0.0;3.13623023201;1.21741394237;0.00333563610132;34.0
598;0.673936125923;0.105816823142;3.42893592181;1.20267797442;0.00311070129166;66.0
599;0.442717917065;0.0;6.39620207656;1.05462633553;0.00201342466695;46.0
600;0.42832177582;0.0;1.94299297253;1.02975288286;0.000148911348487;42.0
601;0.66900951369;0.0;0.845689894489;1.18474685306;0.00213358435685;30.0
602;0.579366173085;0.0787084198679;0.243581669126;1.3473101818;0.00345080099642;40.0
603;0.524889294811;0.0;0.696845557423;1.1902118521;0.00517262604181;34.0
604;0.623430901408;0.0;1.78684766599;1.09253892453;0.00268696900172;60.0
605;0.394046612262;0.0;6.62491262381;1.03579025781;0.000379984791498;44.0
606;0.401914641271;0.179816587756;0.38769112625;1.03863083417;0.000404478301821;35.0
607;0.537637403519;0.0;3.77710677562;1.24182465634;0.0007192939332;22.0
608;0.421129481147;0.0137599631864;3.9137179357;1.39267140731;0.000293306926194;23.0
609;0.316740121945;0.0112618563854;0.818929930008;1.98207506977;0.0017821441028;100.0
610;0.62228030044;0.0;2.13449635386;1.21801912599;0.00269487213289;33.0
611;0.548649708828;0.0502698597544;2.23131552226;1.4958812126;0.00295797677077;28.0
612;0.507699492047;0.0263816755139;1.57982773051;1.69175237185;0.00130058903823;51.0
613;0.642556097338;0.0517381812094;1.43611577211;1.3072198048;0.00260858606682;100.0
614;0.530709453394;0.0568001863012;0.342645071899;1.44133616772;0.00141351536723;58.0
615;0.474641876767;0.0;2.2420474646;1.18236478329;0.00435818691622;34.0
616;0.532621697168;0.0151456486313;10.0;1.40657274988;0.00438197379207;100.0
617;0.423112246922;0.0164868106116;10.0;1.7170459108;0.00155284267436;100.0
618;0.397017034747;0.0079988257784;0.819162899132;2.14187652072;0.00154969061999;100.0
619;0.575297679516;0.0;5.97506134796;1.22185857227;0.00277224223921;24.0
620;0.460321637487;0.0243153463393;2.00227417518;1.50367421535;0.000589749490173;32.0
621;0.558221795158;0.0;2.11590742518;1.27112452079;0.00290291895342;23.0
622;0.576199708941;0.0695574953539;0.915551413629;1.3930437369;0.00213381434203;50.0
623;0.551203481266;0.00880184931196;0.542330956473;1.40189569541;0.00273053474968;100.0
624;0.664832533692;0.0;1.88208433927;1.24189362311;0.0029405185686;100.0
625;0.537155514453;0.0517557980722;0.61256033502;1.3398851802;0.000374996674801;56.0
626;0.441529427775;0.0;1.49380531107;1.1921142304;0.00580602262213;36.0
627;0.553581584544;0.0;3.3915009617;1.17284685997;0.0042720034461;31.0
628;0.555727371362;0.021657530883;10.0;1.31563456349;0.00321926519836;33.0
629;0.465404744848;0.0329140112022;1.9940233162;1.41441216345;0.000700195258982;42.0
630;0.416653013157;0.0079783218684;2.10041322222;1.71499692633;0.000318688968268;18.0
631;0.643481061132;0.157083545152;5.72175046676;1.1451226259;0.0022618166208;56.0
632;0.594850593351;0.0;4.69001563761;1.15944765464;0.00524390761176;24.0
633;0.495766739051;0.014145653857;0.839040978709;1.50487090335;0.00492517541006;51.0
634;0.538462870468;0.0481535159156;1.33301515827;1.34856422551;0.00110465372545;80.0
635;0.614752196629;0.116116696918;5.39611239289;1.17817363159;0.0041926828138;61.0
636;0.489426602498;0.0;2.14751316252;1.21288993178;0.00198780751756;34.0
637;0.434103188587;0.0127771584374;2.04131969976;2.88261941197;0.00585544120958;84.0
638;0.591776753938;0.069466154651;4.43063587092;1.26481713423;0.00139769455476;20.0
639;0.339348281336;0.0;10.0;1.04001586575;0.00042697320636;49.0
640;0.514314768523;0.0173028375923;0.748960041357;1.65039972258;0.00834846339779;100.0
641;0.351487457346;0.0;1.67189451325;1.04094295461;0.000795577142243;51.0
642;0.485554121923;0.0167310666189;0.646185960162;2.17641943141;0.0057859810102;100.0
643;0.503073079666;0.0;0.30198286782;1.15915644092;0.00605281439484;27.0
644;0.656605194835;0.0;5.02348559254;1.11930500686;0.00211710249662;50.0
645;0.321923714685;0.0;2.14640929769;1.15502349226;0.00166907178453;35.0
646;0.537852434083;0.0;2.52044597284;1.1790753791;0.00274301117397;25.0
647;0.517477159496;0.0284057446135;10.0;1.25448187161;0.00480542902174;38.0
648;0.472435715339;0.020173920013;1.30154581007;1.68002600064;0.00178166555218;89.0
649;0.42063012503;0.0;1.0697770235;1.34955912416;0.00292392749054;67.0
650;0.394603837827;0.0;1.35129414075;1.09120956312;0.00690451817516;42.0
651;0.5560581271;0.031930752251;2.89611984352;1.34133211317;0.00168579450035;34.0
652;0.650011844198;0.0621317244038;5.66373376463;1.2423793164;0.00132407595519;22.0
653;0.400778275;0.0;0.781554891497;1.07401041892;0.000619335718045;35.0
654;0.700303630315;0.0;2.13460461997;1.19375136628;0.00120072173858;22.0
655;0.539399376891;0.0;2.78874087521;1.23769653815;0.00283225315671;26.0
656;0.486309558051;0.000104805072642;0.953977091666;1.26577636541;0.00527653456327;21.0
657;0.50342712661;0.0;1.5120635132;1.09946676546;0.000231338529004;33.0
658;0.557973902238;0.033358691913;4.01859000401;1.37514086356;0.000266627327943;21.0
659;0.356691505813;0.0;0.0243683017879;1.20060084064;0.00241505497091;39.0
660;0.593725960013;0.0287010852005;4.33602724642;1.38257182926;0.000961224728577;25.0
661;0.618424549003;0.0;5.07728696815;1.12049787481;0.00253132704936;32.0
662;0.515031936025;0.0;0.615081811029;1.21623753855;0.0130953221955;32.0
663;0.584224702677;0.0;4.05900169342;1.20499896071;0.00186263403247;29.0
664;0.45698135061;0.0;1.6979906866;1.16527343824;0.00465868700227;36.0
665;0.505944309314;0.0;1.19789508645;1.35711708159;0.000923463652471;23.0
666;0.481555740823;0.0;0.612712273809;1.23330001614;0.00393179711301;31.0
667;0.634595168903;0.0;2.01468141238;1.17632082738;0.00725754149027;23.0
668;0.562682931838;0.0;1.24917710157;1.15684104648;0.00266424540917;34.0
669;0.591134857442;0.0872562370892;1.04514069234;1.28880743281;0.00148341162955;20.0
670;0.520033871321;0.0300777431817;1.22728941721;1.58837957198;0.00100370577406;35.0
671;0.528108634344;0.0990745084843;1.86780359756;1.19819983605;0.00548447173774;100.0
672;0.683099643855;0.0;1.49125426551;1.17727239411;0.00997411543165;33.0
673;0.613349674685;0.0;0.721830353965;1.25597999796;0.00152379336707;21.0
674;0.550915434718;0.0254234470784;2.64280685245;1.36948028278;0.00107258503916;30.0
675;0.499137968068;0.061669844098;6.45843683967;1.24661456777;0.00168117023739;24.0
676;0.564252539881;0.0;0.310614562117;1.22549381665;0.00159234527472;26.0
677;0.492714839355;0.0651080326625;1.91562949834;1.27222067838;0.00128931623098;67.0
678;0.420832346966;0.0111717649803;2.40070898625;1.87542039757;0.000637895744681;52.0
679;0.63898832903;0.0739441202009;2.3054986952;1.27764585988;0.00277372370404;25.0
680;0.48849180482;0.0;0.936124438192;1.24769184503;0.00380277385205;28.0
681;0.465621320895;0.0253619550095;2.32126451808;1.38538271396;0.00142770339251;100.0
682;0.628120875306;0.0;0.0269194449446;1.31650235661;0.00742129222498;36.0
683;0.533330668114;0.0249606117826;4.80669334758;1.39963478643;0.00331062520191;59.0
684;0.466185515571;0.0222879024014;0.634476651675;2.04573729338;0.00301753544959;100.0
685;0.481161427411;0.0265821580736;0.73973253682;1.77569291388;0.00328477249793;100.0
686;0.596447617265;0.0118523493995;6.80988604634;1.2155234847;0.00299919221433;20.0
687;0.46633975468;0.0332997225466;3.35646437417;1.56155340206;0.0019293154983;26.0
688;0.519413897421;0.0;7.71254419526;1.19111027915;0.000459514395689;41.0
689;0.535116071341;0.0;1.65898553029;1.23292537652;0.00582496919136;23.0
690;0.466121294508;0.0457286685309;0.143316106217;1.58952381203;0.0106382087517;100.0
691;0.542415145453;0.0388087537211;4.0116317537;1.24951681379;0.00334537782196;24.0
692;0.623377302562;0.0;1.63711586549;1.2714324403;0.000376490428891;19.0
693;0.547188935405;0.0;2.08647878678;1.11999433474;0.00495580237893;44.0
694;0.44413213113;0.00977853524067;0.845326341592;1.93956385016;0.00165776979775;100.0
695;0.378115417531;0.0;0.19933179073;1.11141723093;0.00407748366655;29.0
696;0.575048041632;0.0333057354271;2.51718924426;1.45054992871;0.00225651396852;72.0
697;0.546102627099;0.0;1.97793449163;1.1982672895;0.00853825729678;18.0
698;0.536836000164;0.0;3.50782176222;1.19179025313;0.00387480002239;35.0
699;0.534206816648;0.0444761443122;2.80285380316;1.34258880878;0.0038864206348;51.0
700;0.63926005809;0.0;1.24743571294;1.16613842818;0.00110363507336;38.0
701;0.568624880553;0.0187836322476;10.0;1.33110708773;0.00241347218341;41.0
702;0.517444991221;0.0330460112915;1.64702947029;1.33175088801;0.00387601311093;59.0
703;0.676466049712;0.0727579213632;6.84187448124;1.21677774292;0.00545580206627;23.0
704;0.509609114414;0.0123650477745;0.579108819232;1.32186856361;0.00389226934109;100.0
705;0.456854001565;0.0;1.51494740371;1.35310462111;0.00585400047118;25.0
706;0.590772985914;0.0728524598591;1.53542944141;1.31638638433;0.00432359375014;100.0
707;0.352283078202;0.0;0.349569585326;1.13532091023;0.008391934188;34.0
708;0.522896938023;0.0351891634291;7.94162280126;1.35394733284;0.00976229558577;31.0
709;0.365644490911;0.0;0.359979769943;1.11589970999;0.00526338706654;33.0
710;0.551943364681;0.0;7.15124358782;1.15976080681;0.0012743315731;25.0
711;0.468426615362;0.00815290950896;10.0;1.37443122573;0.00287136462738;100.0
712;0.423062294847;0.0;10.0;1.18438230177;0.00309142816003;37.0
713;0.501411403469;0.0;10.0;1.20761684393;0.00467707889848;31.0
714;0.409166089066;0.0405247474225;4.38232275811;1.41052028255;0.000188572675493;22.0
715;0.463162936984;0.0369466868595;1.48559782971;1.36049914152;0.00178776325985;100.0
716;0.426040612955;0.0354315446543;2.14308355627;1.34800989725;0.00124947490619;64.0
717;0.352826131873;0.0;2.71911020875;1.25046206062;0.00190265532323;40.0
718;0.362675739355;0.0;2.80956809541;1.24859466202;0.00179555981098;35.0
719;0.347564600535;0.0;1.17846856775;1.32238134408;0.000903013696008;24.0
720;0.918280964872;0.0;9.95558524705;1.15754801346;0.0270525671846;34.0
721;0.592563300454;0.0;9.00976585538;1.18385122434;0.00180947214223;81.0
722;0.46651713359;0.0;7.70799625599;1.14592290445;0.0067066673904;45.0
723;0.562164588145;0.0;10.0;1.15429349406;0.00585212119531;42.0
724;0.570766138786;0.0;10.0;1.14955922789;0.011047753649;31.0
725;0.405635402378;0.0;2.79022090715;1.14713290797;0.00386193777412;49.0
726;0.468389268596;0.01349531652;7.30513523737;1.22713566443;0.00111835272635;19.0
727;0.433019243831;0.0;2.94272842152;1.21436494887;0.00274049100254;38.0
728;0.459902769559;0.0;0.308659405884;1.26181838519;0.0026188111813;28.0
729;0.523261267497;0.0;7.17951979982;1.1180590652;0.0172841730811;45.0
730;0.43714603985;0.0439390560864;6.06471302146;1.27048443291;0.00104220842352;22.0
731;0.533660700776;0.0;7.11419247553;1.14663972252;0.00713114136541;38.0
732;0.449021228337;0.0;8.63687236424;1.16435724079;0.00260856228013;42.0
733;0.441213424351;0.0375960762953;6.75277224269;1.2396073503;0.00138670881269;23.0
734;0.455336434844;0.0;1.02561171585;1.31718615758;0.00142288297631;79.0
735;0.418412259989;0.0517751029358;3.81470273826;1.24044439784;0.000140906690156;11.0
736;0.314465491833;0.0151200883024;0.600617429092;1.40511092916;0.000159109658855;31.0
737;0.330660553913;0.0;0.941058007173;1.20967266704;0.002152105533;34.0
738;0.436833830393;0.0;1.54835122551;1.23317517558;0.000366484151556;26.0
739;0.950861226502;0.0563383308563;10.0;1.255911348;0.0302565864583;31.0
740;0.924331369414;0.101106810934;10.0;1.263120341;0.019945179089;36.0
741;0.491374602937;0.0;10.0;1.18017803905;0.00622573112897;26.0
742;0.615863808293;0.0;10.0;1.14126237754;0.00780955093858;37.0
743;0.576996826491;0.0;2.76095294426;1.18004147664;0.00170080385598;27.0
744;0.601377652514;0.0;10.0;1.14526435235;0.00415061727517;34.0
745;0.575198356044;0.0703728235335;2.56177211133;1.27058878147;0.00162678469118;73.0
746;0.564976207715;0.0;4.11887866061;1.15245364775;0.00198538021965;27.0
747;0.382486234891;0.0;10.0;1.16999039002;0.00175071613856;32.0
748;0.483745663924;0.0;6.64058795037;1.195729165;0.00258178049644;41.0
749;0.424568632957;0.0;0.918066010683;1.40918690916;0.00356006192185;30.0
750;0.93092153833;0.0478075674572;10.0;1.26634934916;0.0156563323065;50.0
751;0.90231243696;0.0588021082294;6.44803658177;1.25712526137;0.0211459409036;24.0
752;0.595473473641;0.0680795318454;10.0;1.22708033187;0.00405739925927;33.0
753;0.554909335386;0.0;4.45639886316;1.15073774716;0.00252134049948;32.0
754;0.536428295811;0.0;1.65252343149;1.17346593071;0.00389641105832;24.0
755;0.598144165376;0.0;8.14808614902;1.1549953501;0.00447792200974;43.0
756;0.503469365387;0.0525002192622;1.18233871112;1.30187506462;0.00517360380991;100.0
757;0.56737047892;0.0;3.15877771549;1.17847491323;0.00387636382518;26.0
758;0.424606471611;0.0;4.25906909947;1.17731063086;0.00109637549686;32.0
759;0.464408068526;0.0;5.18085311232;1.23959557917;0.00316380680429;26.0
760;0.47009696848;0.0;2.37338007887;1.21787931407;0.000985708179063;28.0
761;0.951970300335;0.0619248899459;8.54448504482;1.2934646883;0.0233164388928;21.0
762;0.901052885849;0.117480965486;10.0;1.22236995419;0.0136110389252;31.0
763;0.927878623773;0.0996606795901;10.0;1.26217074313;0.0217738122255;62.0
764;0.675440344225;0.0;10.0;1.14481907405;0.0165125914394;33.0
765;0.565769036242;0.0;6.42603172065;1.13311067579;0.00639276412266;40.0
766;0.65127374988;0.0;9.79620891358;1.18122296057;0.00320182168154;42.0
767;0.512899005136;0.0;4.39173155299;1.13918730655;0.00208242617703;30.0
768;0.641711190316;0.0;1.96538804646;1.23705727325;0.00149384900233;21.0
769;0.516467117601;0.0;2.7119113135;1.18046628258;0.00335013730522;50.0
770;0.57065315636;0.0;1.78799192244;1.22343116501;0.0020128245481;33.0
771;0.569312952586;0.0;7.80775418542;1.15043296273;0.00281909546802;29.0
772;0.519602126152;0.0;4.36270081258;1.18544939481;0.000204653194474;23.0
773;0.942356295991;0.0499951833952;9.17383818434;1.28542029618;0.0240425378195;27.0
774;0.916698652412;0.0600792516146;10.0;1.25974655336;0.0121818348747;33.0
775;0.572622003338;0.0;1.84600796619;1.18828644001;0.00144746750003;21.0
776;0.52180364346;0.0;7.24688625288;1.12800935451;0.00951796747706;40.0
777;0.601389860578;0.0;4.87408070575;1.16734020184;0.00691763047062;43.0
778;0.53073878858;0.0;3.34089079277;1.12233416343;0.00884849785954;43.0
779;0.482927796795;0.0;2.07011665707;1.18167469336;0.00296962065095;38.0
780;0.427421062436;0.0;0.870402752519;1.23021765864;0.00617379765434;37.0
781;0.388304197506;0.0;3.2844986233;1.14711602983;0.00243787949611;39.0
782;0.450385428866;0.0;3.98891848399;1.17119134441;0.00141314687623;36.0
783;0.376006272821;0.0;2.57749197772;1.24997126104;0.00124893965933;34.0
784;0.646800633003;0.0399491172718;10.0;1.24278040938;0.00537712025648;55.0
785;0.541737656084;0.0497390083158;10.0;1.29851050703;0.0110203300848;44.0
786;0.605081698805;0.0286805024751;10.0;1.26163594171;0.00322142379156;30.0
787;0.653770515824;0.0;10.0;1.17301850803;0.00310404563916;38.0
788;0.636241619278;0.0;10.0;1.18611146375;0.00223903217699;37.0
789;0.626155081871;0.0;9.66069674313;1.20190196539;0.00117644138183;46.0
790;0.451790833131;0.0546235622612;0.933070788814;1.39943842358;0.000340429270489;100.0
791;0.395374865881;0.0474715784412;1.68832675756;1.30212851856;0.00184305060431;100.0
792;0.455674423404;0.00529567009521;1.88599540245;1.27375187393;0.00371222865223;100.0
793;0.964265805918;0.0410208184322;7.89220620535;1.35869421109;0.0128798802525;22.0
794;0.955236994511;0.0394136791271;5.5969123068;1.26965014702;0.0138934972728;37.0
795;0.954977776958;0.0462575548639;2.3077940923;1.39733699706;0.00978121817333;25.0
796;0.578802242112;0.0501912419154;10.0;1.1997704715;0.00606557401218;35.0
797;0.455244838528;0.0;3.15753684763;1.20150858874;0.000700479986549;35.0
798;0.506417168425;0.0352503777079;3.05813036004;1.23061998702;0.000340923116314;64.0
799;0.408442469596;0.0;3.57377476765;1.19116542565;0.000199610484947;23.0
800;0.503977870335;0.0;8.95944262542;1.16414938654;0.0024614135193;33.0
801;0.435549756939;0.0;1.08466373737;1.20086872686;0.00165412548687;34.0
802;0.396921559641;0.0;3.22187376887;1.1974434012;0.00255001402286;37.0
803;0.359274809887;0.0;0.788141252812;1.2063827503;0.00357019443952;37.0
804;0.337309199798;0.0;1.1370632109;1.21689432096;0.00281894400307;29.0
805;0.899687656266;0.117903439087;10.0;1.25286676875;0.00791152815705;77.0
806;0.929407707594;0.0760456703538;5.34323135649;1.29961660967;0.014219334739;44.0
807;0.915510019626;0.0799347761661;10.0;1.2489171277;0.00687548616361;30.0
808;0.487766787636;0.0;0.01;1.69424275467;0.00809365113001;34.0
809;0.647298192473;0.0;5.84997688187;1.10362929338;0.0273773781687;49.0
810;0.562067559188;0.0;1.39160702255;1.13737199563;0.0277831229787;40.0
811;0.464439224351;0.0168855354289;0.119583688547;1.68111689625;0.00106653700821;35.0
812;0.438223057039;0.0;10.0;1.16431308785;0.00291103777512;32.0
813;0.456062145886;0.0;0.36392070145;1.2531377473;0.0106982388846;33.0
814;0.47138039701;0.0;0.234095939704;1.24445332936;0.0186640205751;32.0
815;0.42666078368;0.0;9.96113313877;1.24521898154;0.00405848175406;37.0
816;0.458096644577;0.00530690616334;0.0807442767425;2.14099810035;0.00234761728694;44.0
817;0.937089124782;0.0;9.33430935338;1.1845608231;0.0130509783445;42.0
818;0.438102386964;0.0223346011787;10.0;1.27094934758;0.00332967608606;39.0
819;0.449206364998;0.0;10.0;1.17002955863;0.000853285045907;30.0
820;0.512309529514;0.0;5.25569415232;1.17290356895;0.00213463868106;38.0
821;0.400434156386;0.0;10.0;1.22429000706;0.000781334313101;33.0
822;0.398305768952;0.031655131855;10.0;1.30971926038;0.000501153984986;39.0
823;0.628033357363;0.0;0.5037458312;1.158642219;0.0243408398749;34.0
824;0.404097761558;0.0181598629244;8.85394193684;1.31361088148;0.000595873919698;25.0
825;0.433960736023;0.0116243418333;2.94836285456;1.97403525227;0.00246499213449;100.0
826;0.389274148335;0.0;10.0;1.33619849623;0.00076657706763;27.0
827;0.472639484773;0.0187552817663;3.10276710561;1.47327850267;0.000847776136788;21.0
828;0.454081671109;0.0;1.37929029428;1.17003436742;0.0130033163474;31.0
829;0.433295361099;0.0;10.0;1.1835791519;0.00492893848231;32.0
830;0.446246617068;0.00760224318783;1.99144947099;1.73422366809;0.000365801413663;29.0
831;0.435768963095;0.0;1.08551443126;1.330210038;0.00473133173811;100.0
832;0.454692666806;0.0;5.70896634977;1.24537764335;0.00333946996909;30.0
833;0.420991226701;0.00375171021744;1.95772632237;1.78450830618;0.000401145184904;69.0
834;0.436530584757;0.00476826751751;0.894602204229;1.58123337609;0.00539706229355;100.0
835;0.455217405309;0.0;0.663942522011;1.21951687164;0.0143970346692;33.0
836;0.939287698982;0.0441343516703;10.0;1.30741952306;0.0254919183371;83.0
837;0.951187143202;0.0587631825577;10.0;1.33706572351;0.0248912446996;53.0
838;0.531755726433;0.021708970685;10.0;1.37752266745;0.0189138953171;64.0
839;0.584441084341;0.0;10.0;1.16078804666;0.0169164393667;31.0
840;0.588174058297;0.0;9.45287238981;1.13308555109;0.0191221649321;39.0
841;0.453154483428;0.0;10.0;1.22899107189;0.00103983908882;39.0
842;0.522092649094;0.0;2.72587661934;1.28752639876;0.00764179118332;37.0
843;0.576880346117;0.0;2.04702239924;1.23371055825;0.0050817492347;31.0
844;0.47780005755;0.0;2.2385230762;1.23364495424;0.00374440947934;29.0
845;0.49439747829;0.0;2.23490530629;1.17889080272;0.0120591111936;32.0
846;0.426121186398;0.0;1.29371172709;1.29830380406;0.00589726384062;29.0
847;0.829212162622;0.119552729329;6.51274792845;1.33598511456;0.00440704861391;26.0
848;0.636991947123;0.0324909751504;10.0;1.24814998734;0.00427912635872;36.0
849;0.524525630872;0.0;6.19050730251;1.18381586437;0.000804896961981;42.0
850;0.507224806583;0.0346612951115;10.0;1.27368827433;0.00744224395417;35.0
851;0.536136867254;0.0468325119161;10.0;1.27174644023;0.00451124688663;29.0
852;0.389582609119;0.0;10.0;1.17740071623;0.000769877140605;30.0
853;0.515083836356;0.00812235493406;2.79418949085;1.2794990012;0.000738075401216;100.0
854;0.390443189231;0.0230800006309;4.23248164684;1.43639963488;0.00169786103017;40.0
855;0.385798185797;0.0110953109318;2.89974113553;2.22861400661;0.00239317365022;31.0
856;0.462361174305;0.0111328268232;3.48124738259;1.61396438661;0.000923923499139;26.0
857;0.93209474178;0.0;9.23806329542;1.16669856094;0.0301216021898;35.0
858;0.527510552773;0.0774457563986;10.0;1.18380231474;0.00115334891249;31.0
859;0.585683248295;0.0244104189691;10.0;1.28736547761;0.0191317531398;39.0
860;0.535191220735;0.0602651053177;10.0;1.24886833415;0.00287318188837;32.0
861;0.41099786149;0.0199770599064;10.0;1.32508213427;0.000163829005014;43.0
862;0.525854830759;0.0401341887599;10.0;1.23642946973;0.00330024213137;31.0
863;0.440535788147;0.0530497420796;10.0;1.27305061066;0.000953927734384;35.0
864;0.37441380718;0.0112368617728;0.874968137043;2.23429450638;0.00143677876878;100.0
865;0.351707921155;0.0118697924203;8.41715684647;1.40674024413;0.000276527549418;23.0
866;0.361503392349;0.0152272657287;4.69261208341;1.6294936391;0.00092578769052;34.0
867;0.476716320125;0.0218197341867;10.0;1.31021920492;0.000467019955705;36.0
868;0.483374157125;0.01965242869;10.0;1.23593909091;0.00215926203212;32.0
869;0.492909977021;0.023131293237;10.0;1.46732271656;0.011711377404;100.0
870;0.419027169116;0.00496335478058;5.96565077505;1.44471409724;0.00401930476498;41.0
871;0.369916453996;0.0201260046575;2.56039620922;1.38658902132;0.00104844835783;100.0
872;0.444484700278;0.0017793499587;10.0;1.25571198024;0.00329740413355;41.0
873;0.397776254559;0.00679186559361;8.55531736144;1.60327036792;0.000202327666191;27.0
874;0.433712808862;0.00576049585913;0.905195241412;2.26973905013;0.00357548044387;100.0
875;0.408459942222;0.00818793570669;3.27895521637;1.58649083823;0.000838981284296;26.0
876;0.512814965485;0.0;10.0;1.22189533838;0.00278737599804;30.0
877;0.450391921642;0.0305139549891;4.05581001745;1.35316644217;0.00140516367196;39.0
878;0.520265507439;0.039152985632;4.99661642745;1.31952333817;0.00285993346361;42.0
879;0.524042160408;0.046172408718;3.34116010978;1.36881622313;0.00169446586165;42.0
880;0.459716157251;0.0202364766665;1.7078715727;1.5442905081;0.0031477565731;100.0
881;0.461859958461;0.015839097297;4.27809517521;1.28863749644;0.000528512548609;10.0
882;0.417739505038;0.00508479705699;0.859936227038;2.22372894477;0.00446542862993;100.0
883;0.430694221982;0.00782733048862;0.972678658173;1.83913666061;0.00316490470171;100.0
884;0.400446995752;0.0221775480657;2.09623343187;1.42625387347;0.00184525486223;100.0
885;0.51161182495;0.026213929481;4.48114575284;1.27331372109;0.00179635076209;100.0
886;0.532361369028;0.0326592257961;10.0;1.33395541411;0.00071390928613;42.0
887;0.454885987904;0.0271808809811;4.18551547654;1.33254958621;0.000865639022277;63.0
888;0.431212009997;0.0268044455894;3.18863867667;1.36496809881;0.000381615600488;20.0
889;0.446543885172;0.0105435827397;4.15196279245;1.72405452184;0.000303007920203;31.0
890;0.438665837981;0.0216442965196;5.04812048254;1.41018546691;0.000415778202747;29.0
891;0.416257148871;0.00810334824426;1.68030104966;1.56168845374;0.00242327782057;100.0
892;0.426721741906;0.0;5.32424907174;1.28959492466;0.000945205906693;22.0
893;0.439943489857;0.00748064512298;1.27814657327;1.78431537336;0.00327825493723;100.0
