;thetaS;thetaR;alpha;n;AirEntry;resid;NrIter
0;0.907290255657;0.0451831494062;0.1;10.0;1.23853450782;0.0126221689908;37.0
1;0.530772402052;0.0302226292907;0.1;10.0;1.27608547267;0.00548171797883;30.0
2;0.937115192267;0.0198112748537;0.155191311978;10.0;1.372877936;0.0152829385335;34.0
3;0.718304547527;2.96864790326e-05;0.1;10.0;1.21761142782;0.0146432926471;40.0
4;0.894914829235;0.0842161811786;0.1;10.0;1.4528045489;0.0536768346872;67.0
5;0.687849940087;0.0183304012347;0.1;10.0;1.23657387353;0.0500023710819;33.0
6;0.682539147565;0.0449660487912;0.1;10.0;1.22258269541;0.0101946563003;44.0
7;0.625548097433;0.00087276566502;0.1;0.299501628098;1.2245522612;0.00700451267723;28.0
8;0.583750551843;0.0;0.1;0.360180446795;1.22774711192;0.0126110934087;33.0
9;0.868351844407;0.0722802406556;0.1;10.0;1.18993120173;0.0150200485444;34.0
10;0.5989261236;0.0789397290403;0.1;10.0;1.15816082623;0.00522179237499;42.0
11;0.645707147225;0.0;0.1;2.04969876697;1.16846983949;0.00784435075994;53.0
12;0.538260686271;0.0661714419394;0.1;3.52469957573;1.17691653476;0.00349694893338;64.0
13;0.939532474264;0.0299113452141;0.195578916819;10.0;1.48538186499;0.0527079084466;32.0
14;0.658625374877;0.0;0.1;9.5411015646;1.14903591663;0.00416881037003;54.0
15;0.938281001191;0.0370784621081;0.215383511456;10.0;1.42018512717;0.0416741951033;30.0
16;;;1.0;1.0;1.5;1.66654061844;2.0
17;0.692440072241;0.0;0.1;10.0;1.19946226471;0.0122786662536;49.0
18;0.634402752185;3.70296774187e-05;0.1;4.91437275489;1.13946801651;0.02189574192;100.0
19;0.929858556199;0.0440590052828;0.1;10.0;1.33415525529;0.0420839737063;52.0
20;0.934803666472;0.0337430807342;0.177488650783;10.0;1.32716297914;0.00365161203941;33.0
21;0.566062017282;0.0;0.1;5.02817308226;1.19406748829;0.0039467221892;71.0
22;0.592602417007;0.0149079451993;0.1;0.86688993254;1.18505619198;0.0141401945175;35.0
23;0.921190790801;0.03364466976;0.1;10.0;1.41070022182;0.0378071695664;94.0
24;0.575404600524;0.0574369431043;0.1;10.0;1.12930122606;0.0153154949848;33.0
25;0.673189280936;0.0666316318808;0.1;10.0;1.17580106745;0.0218420906214;33.0
26;0.688050583841;0.0537848867982;0.1;10.0;1.19247466538;0.0196217472782;35.0
27;0.922774620502;0.0363973952533;0.1;10.0;1.41579060319;0.0392453270809;100.0
28;0.605516329642;0.0497274197501;0.1;10.0;1.17198757752;0.00869265462987;39.0
29;0.822085143919;0.0;0.1;8.03030705263;1.14995936223;0.0157961538177;48.0
30;0.550560915174;0.0396071894634;0.1;10.0;1.23159845934;0.00791763962386;39.0
31;0.634657615135;0.0454648915143;0.1;10.0;1.2553599609;0.0110118759192;42.0
32;0.628887238547;0.0;0.1;0.763680534458;1.20164150078;0.0157920967793;38.0
33;0.718678870066;0.0460228000193;0.1;10.0;1.24659231522;0.017078455884;37.0
34;0.925904494705;0.0387356175826;0.1;10.0;1.29611720481;0.0359543832753;49.0
35;0.622318223068;0.0;0.1;3.52273904975;1.18012339749;0.00613346436878;46.0
36;0.932220316067;0.0423971699541;0.1;10.0;1.32177681992;0.0409985855585;96.0
37;0.74316022745;0.0;0.1;10.0;1.19465017507;0.0140458189471;100.0
38;0.534429056953;0.0;0.1;5.85675444637;1.15939553149;0.00469123075967;39.0
39;0.571905414415;0.0;0.1;7.25314235551;1.16288070443;0.00319490063283;47.0
40;0.931268534054;0.0414304812786;0.1;10.0;1.38879177475;0.0468393781095;100.0
41;0.571318477238;0.0693396030438;0.1;10.0;1.21697971281;0.00525693500351;41.0
42;0.941717317816;0.0392944692433;0.171475173387;10.0;1.52619591591;0.0509781827181;32.0
43;0.615310059324;0.000207389470043;0.1;1.36785176758;1.16909674605;0.00214501597609;32.0
44;0.510748494196;0.00165895920336;0.1;0.355498248466;1.19441357713;0.00665496818813;30.0
45;0.509220186983;0.000651108267596;0.210802064328;2.32023087375;1.20359745185;0.000127885099018;38.0
46;0.474094721877;0.0;0.1;1.66929852783;1.17299768712;0.00567663603285;39.0
47;0.905476460945;0.0597291962801;0.1;10.0;1.61397172196;0.043956284276;100.0
48;0.888667214613;0.0869583693595;0.1;10.0;1.51561550157;0.0992462193831;100.0
49;0.503429251999;0.0372498637122;0.1;0.185712952834;1.37505066669;0.00669510598417;40.0
50;;;1.0;1.0;1.5;0.0;2.0
51;0.649177230728;0.0996509617726;1.77294472789;10.0;1.20198990738;0.00355496565296;40.0
52;0.691080309209;0.0478112929922;0.1;1.02003242075;1.15596090194;0.00751818029499;44.0
53;0.926275079932;0.0607618594468;0.1;10.0;1.4121721702;0.101532299335;98.0
54;0.919273269787;0.050551409035;0.1;10.0;1.41187342847;0.105046749482;100.0
55;0.651181610155;0.0;0.1;10.0;1.16082275415;0.00472212025232;38.0
56;0.942966320708;0.0453502120296;0.1;10.0;1.31271100439;0.0535670034752;30.0
57;0.484606387951;0.0;0.1;0.409099061543;1.22879406882;0.0146755701154;46.0
58;0.394214663423;0.0;0.1;0.871378128701;1.24744871245;0.00409200898252;100.0
59;0.802824890291;0.0637974889117;0.1;10.0;1.23664377393;0.0156024499983;35.0
60;0.551962157811;0.0434397848687;0.1;10.0;1.1969481885;0.00173336718401;76.0
61;0.704384277444;0.0646475677605;0.1;10.0;1.18678685143;0.0317221490813;31.0
62;0.507690583623;0.0504244064941;0.1;10.0;1.17677823792;0.00300351193249;40.0
63;0.924803446945;0.0470449566005;0.1;10.0;1.24228895303;0.0483964796999;38.0
64;0.459923302583;0.0592911516349;0.1;10.0;1.1019936966;0.0114217544172;74.0
65;0.537957998452;0.0;0.1;0.175299370932;1.23329628724;0.0163300894121;34.0
66;0.888096807444;0.089007720383;0.128422371259;10.0;1.14903100183;0.0182476539369;20.0
67;0.592701368818;0.0;0.1;1.55265286279;1.19719152837;0.00237487256649;80.0
68;0.538244626302;0.0;0.435127036408;1.7412562764;1.30640279646;0.00564937058895;28.0
69;0.587475025681;0.0211241728572;0.1;10.0;1.22535041757;0.0133390314418;48.0
70;0.893563225646;0.0300209734073;0.1;10.0;1.29833598225;0.0142030878868;33.0
71;0.592748005578;0.0544672891969;0.1;10.0;1.23312556545;0.00658002806681;35.0
72;0.588815662402;0.0201927291022;0.1;10.0;1.22454988177;0.00783870041484;37.0
73;0.889187422065;0.0449188210379;0.1;10.0;1.35171877427;0.0269561992086;79.0
74;0.602805631438;0.0162832080505;0.1;10.0;1.29156552619;0.0229486148025;46.0
75;0.960247434832;0.0117869568723;0.1;10.0;1.51417733614;0.033435085013;100.0
76;0.489909462124;0.0412957831354;0.1;10.0;1.24146014264;0.00585717114413;36.0
77;0.658918117107;0.0111192252963;0.1;3.70776169325;1.1767326128;0.00535863666177;55.0
78;0.667860629415;0.0;0.1;1.26146522315;1.25339907723;0.00868868321235;65.0
79;0.888494650403;0.0705897371838;0.1;10.0;1.25916191237;0.00738785152403;33.0
80;0.537752286528;0.00111750379079;0.1;0.6286870862;1.22988961601;0.00448856232267;34.0
81;0.745867787315;0.0365946520279;0.1;10.0;1.17740342295;0.0317260199188;45.0
82;0.931685521264;0.0440843375558;0.1;10.0;1.39840494299;0.0505486809302;99.0
83;0.637272215746;0.0815272469402;0.1;10.0;1.15255475284;0.00751873018769;42.0
84;0.547761966959;0.0587749218411;10.0;0.277915576613;1.3848385942;0.000784611380829;34.0
85;0.909545150998;0.0725502020567;0.1;10.0;1.18397201547;0.0149355062752;34.0
86;0.543098387451;0.0669486537742;6.1692478896;1.52530986872;1.37811677583;0.00861642757943;36.0
87;0.84724797659;0.06999065207;0.1;10.0;1.31357339695;0.0164994869709;35.0
88;0.63530796519;0.0622093997891;0.1;3.17836940998;1.14379966351;0.0170041109531;79.0
89;0.519059970081;0.0;0.1;2.59298978836;1.18196635279;0.00434710647902;100.0
90;0.689699234936;0.0;0.1;0.546483055511;1.1622168846;0.0362933849643;35.0
91;0.672228724394;0.0648788024315;0.1;10.0;1.13813194288;0.0195547552259;35.0
92;;;1.0;1.0;1.5;0.286259900067;2.0
93;0.556623447515;0.000651907475159;0.1;0.295070289911;1.22971730777;0.00464241507267;27.0
94;;;1.0;1.0;1.5;0.0;2.0
95;0.606307347716;0.0811277958316;0.1;10.0;1.16500677744;0.000946053288929;33.0
96;0.617947193698;0.0663573273471;0.1;10.0;1.18794401114;0.0066548769888;36.0
97;0.48439307132;0.0486964442576;0.1;10.0;1.26257630386;0.00482396750329;46.0
98;0.85609008851;0.0811521898344;0.1;10.0;1.39617214509;0.0740350047829;32.0
99;0.896862208225;0.0584451430799;0.1;10.0;1.32624516149;0.049535417794;100.0
100;0.604076597163;0.0;0.1;10.0;1.22458522113;0.00462720787483;52.0
101;0.912187113553;0.0366659699329;0.1;10.0;1.39818540616;0.0451752282588;100.0
102;0.827550876282;0.074461079869;0.1;10.0;1.23001215988;0.0149045568537;35.0
103;0.506545608656;0.0214077539141;0.1;10.0;1.34398680644;0.00471595136707;44.0
104;0.54588179452;0.0208969794473;0.1;10.0;1.30643278413;0.00563508660475;36.0
105;0.53391970764;0.00965596663587;0.1;10.0;1.3199773988;0.000397745495714;47.0
106;0.495276980149;0.0283359119615;0.1;1.65270343281;1.50226998279;0.00546779420164;100.0
107;0.531895402858;0.0;0.1;10.0;1.27252394246;0.0018703574181;85.0
108;0.532071428256;0.0180430557317;0.1;10.0;1.32591798019;0.00970557823811;75.0
109;0.731323690102;0.0272373094415;0.1;10.0;1.40257339769;0.0312848702141;100.0
110;0.737975836335;0.0;0.1;9.30105493336;1.15636697815;0.0175824325524;43.0
111;0.729326582584;0.00200373850064;0.1;0.714056947976;1.14053678156;0.0328714957919;46.0
112;0.59777478726;0.0392696736775;0.1;10.0;1.23016349742;0.0139425900798;33.0
113;0.90498467478;0.0528270992982;0.1;10.0;1.3368139199;0.0538135426096;87.0
114;0.878531155725;0.092398188917;0.1;10.0;1.17312814892;0.0124962566675;34.0
115;0.518462312998;0.0158076483239;0.1;10.0;1.32705390667;0.00482051280541;66.0
116;0.591262430873;0.0449257564887;0.1;10.0;1.61694750357;0.0708301562697;100.0
117;0.806323218709;0.0913440365945;0.1;10.0;1.13695240067;0.0139128764155;35.0
118;0.45347189705;0.0267910505766;0.1;10.0;1.32936202627;0.00339226301579;94.0
119;0.583672335648;0.0390303313483;0.1;10.0;1.21689574564;0.01830259715;36.0
120;0.622469239853;0.0336924936179;0.1;10.0;1.2022727903;0.0187261857458;35.0
121;0.756438150312;0.0535742169645;0.1;10.0;1.17238190202;0.0419223472097;42.0
122;0.722785567519;0.0271835385117;0.1;10.0;1.27783102911;0.0252542321816;91.0
123;0.693240476613;0.0296950070159;0.1;10.0;1.58608032312;0.0964803144315;100.0
124;0.751791017381;0.0496374930764;0.1;10.0;1.26956649394;0.0337127609049;38.0
125;0.519194403169;0.0;0.1;0.0239813640441;1.37183245676;0.0051194505512;23.0
126;0.543715662776;0.0;0.1;2.62072772009;1.17575088632;0.0130123822071;60.0
127;0.76214543287;0.0280010215894;0.1;10.0;1.26658450255;0.0239571525863;53.0
128;0.699705498853;0.0;0.1;1.66252652555;1.18616186572;0.00661722366166;65.0
129;0.687652413073;0.0917919592118;0.1;10.0;1.15691107868;0.00439079426665;31.0
130;0.685773385905;0.0660317357567;0.1;10.0;1.20041282539;0.0352997229352;32.0
131;0.686335129669;0.0;0.1;5.52239679555;1.21491128331;0.011570382177;81.0
132;0.586294115683;0.0;0.1;7.6505806149;1.15892143961;0.0144353053264;71.0
133;0.569129982897;0.0211026432711;0.1;10.0;1.24491144128;0.0295722595578;40.0
134;0.614552584697;0.033801508027;0.1;10.0;1.23980528095;0.0107924195955;35.0
135;0.778301002255;0.14455466631;0.1;3.60963972717;1.12020779704;0.00358535794356;65.0
136;0.680468925361;0.0368212890416;0.1;10.0;1.17526579528;0.0336357518518;37.0
137;0.875916795743;0.0752327883062;0.1;10.0;1.14445468586;0.0265254858442;31.0
138;0.899691278283;0.0;0.1;2.80055343599;1.16356659835;0.100114488106;100.0
139;0.78411671852;0.0634828907565;0.1;10.0;1.18715917605;0.0226865900641;37.0
140;0.729329326028;0.0335814605041;0.1;10.0;1.41495199051;0.0363125708907;100.0
141;0.623957895425;0.0;0.1;1.90454208974;1.20113051825;0.0105444302086;50.0
142;0.841687735409;0.101456446463;0.1;1.59038943107;1.14717881578;0.0277342524916;61.0
143;;;1.0;1.0;1.5;0.904793302296;2.0
144;0.720001050082;0.0824101020268;0.1;10.0;1.16088646184;0.00537191438305;31.0
145;0.723807986243;0.0618754559976;0.1;10.0;1.18282942383;0.00692945271138;43.0
146;0.660346773438;0.0873155017078;0.1;10.0;1.14956811503;0.00606593355452;31.0
147;0.374270128553;0.0;10.0;0.01;1.39431886315;0.0014390280284;41.0
148;0.446311852068;0.0440346290804;0.1;0.0376087615416;1.19411299248;0.00293658995655;38.0
149;0.595611401552;0.0;0.1;0.552950849965;1.16807952254;0.0107119038553;33.0
150;;;1.0;1.0;1.5;0.868651682535;2.0
151;0.879048486793;0.0611204263546;0.1;10.0;1.29812636657;0.0157969108929;31.0
152;0.679922150623;1.82232579099e-05;0.1;10.0;1.20977347339;0.0169759204495;44.0
153;0.536542037044;0.000535374734139;0.1;2.0179609292;1.2007108986;0.00245862876961;37.0
154;0.785663239278;0.168612307131;0.1;10.0;1.19832366938;0.0428933624504;42.0
155;0.601302957103;0.0;1.35895692161;10.0;1.27249162838;0.00304521646597;29.0
156;;;1.0;1.0;1.5;0.585577144021;2.0
157;0.447360249934;0.0171706829196;0.1;10.0;1.18783137305;0.000663845531993;100.0
158;0.900128901417;0.0334257230058;0.1;10.0;1.22581376702;0.0115693923382;37.0
159;0.90829251783;0.0552602934495;0.1;10.0;1.23382828771;0.019466592776;39.0
160;;;1.0;1.0;1.5;1.34662548347;2.0
161;0.869434511057;0.0660077568749;0.1;10.0;1.20178893161;0.00894356507747;33.0
162;0.621931049702;0.124730840508;0.101907775198;5.45316264585;1.11355509509;0.00076174251545;29.0
163;0.901134142253;0.058124481502;0.1;10.0;1.25908625678;0.0305627147086;35.0
164;0.634591467721;0.114674910445;0.1;2.50966257801;1.14379922822;0.000430505082266;45.0
165;0.889524381723;0.0675026679986;0.1;10.0;1.25167678839;0.00583848852504;28.0
166;0.572608740373;0.0321594705412;0.1;10.0;1.25020565582;0.00536770792277;43.0
167;0.600554531562;0.0554551288243;0.1;10.0;1.17534486196;0.00273747188721;37.0
168;0.892242797649;0.0763724825276;0.1;10.0;1.32431605789;0.022334731826;38.0
169;0.519467709273;0.0;0.1;10.0;1.1582786927;0.0087346888123;100.0
170;0.586835759118;0.0;0.1;3.48541743531;1.15796710324;0.0135185666213;40.0
171;0.912177262809;0.0487367037464;0.1;10.0;1.32080236455;0.0332259699041;40.0
172;0.314682929123;0.00613389322976;0.1;0.0216721067513;1.2490198821;0.00195622073376;39.0
173;0.646430890644;0.0595897626674;0.1;10.0;1.18036972867;0.00815147325431;34.0
174;0.904588522564;0.048609964453;0.1;10.0;1.15799453916;0.0489128014576;31.0
175;0.549467042282;0.0586574791456;2.23247918609;10.0;1.27057092216;0.0026802484818;46.0
176;0.549001426716;0.0;0.1;0.853851399374;1.23290269325;0.00182279912021;39.0
177;0.768491049378;0.0820745178694;0.1;10.0;1.15282012192;0.0115898040028;33.0
178;0.44159570462;0.041551226582;2.84894076872;4.20964533382;1.35600330793;0.000844571379482;34.0
179;0.873267024934;0.0774705226725;0.1;10.0;1.17058838194;0.0127163149209;30.0
180;0.835314716174;0.0309071686834;0.1;10.0;1.15788675787;0.0345161602599;42.0
181;0.334649653737;0.0679570972363;0.1;0.253772088988;1.13529021324;0.00570885093316;100.0
182;0.60165130949;0.0;0.1;0.188925788654;1.25978986097;0.0230084268652;29.0
183;0.918294465677;0.0452391075282;0.1;10.0;1.19494727407;0.0254447774714;37.0
184;0.782751933079;0.0;0.1;5.31320086489;1.18088687909;0.00985776342979;57.0
185;0.809237986236;0.0534553768982;0.1;10.0;1.23875585814;0.0100563026097;33.0
186;0.590357586689;0.0;0.1;3.92695647317;1.1816813825;0.0129749263716;100.0
187;0.679934757042;0.0421852583562;0.1;10.0;1.23176954852;0.0123971381918;35.0
188;0.916503809175;0.0491854784483;0.1;10.0;1.31324830413;0.0196948065511;77.0
189;0.591976330762;0.0583576526167;0.1;10.0;1.22364089767;0.00585821309661;36.0
190;0.591563351832;0.0;0.1;7.46216132911;1.20682255027;0.00512167813019;100.0
191;0.76046489309;0.123224006323;0.149912233087;10.0;1.20157146283;0.0150192887567;31.0
192;0.487428489991;0.0;0.1;3.53731422874;1.23008213403;0.00582486480274;51.0
193;0.544177943269;0.0362040617117;0.1;10.0;1.24465109856;0.0366675711367;36.0
194;0.568984306662;0.0;0.1;0.596178959494;1.24415046101;0.00481058450494;51.0
195;0.685403171791;0.0237732437508;0.1;1.66769143984;1.24526548227;0.000114890940936;100.0
196;0.536150544862;0.0186651045481;0.1;1.61289693131;1.18845156345;0.00518562954242;40.0
197;0.483028835819;0.0;0.1;6.43886203836;1.14240371697;0.00946755874919;56.0
198;0.576227175269;0.0;0.1;1.02498700553;1.22351764167;0.00128006823889;40.0
199;0.566403877782;0.0;0.1;3.5070715689;1.20062423823;0.00295182936443;51.0
200;0.687472343969;0.0869695814565;0.1;2.44336808669;1.13265478408;0.0164679643362;52.0
201;0.585231446976;0.0;0.1;2.02670395913;1.18356319237;0.00667199086276;42.0
202;0.602413396299;0.0;0.1;5.28570717927;1.20141811214;0.0016561015348;51.0
203;0.500881125704;0.000599765428397;0.1;0.667532246402;1.21802130335;0.00410060915713;39.0
204;0.706194861117;0.0713902482821;0.401328233262;10.0;1.23999300395;0.00645034582679;37.0
205;0.495877950221;0.0;0.1;7.59767962945;1.17029964235;0.00604146169559;70.0
206;0.53089080496;0.0;0.1;0.667548245271;1.26672287102;0.00456474552666;83.0
207;0.927884408527;0.0480475010413;0.12407204735;10.0;1.24739241306;0.017008255862;36.0
208;0.581319546806;0.0904911812398;2.57655459232;1.56450707916;1.27482453629;0.00651282313728;67.0
209;0.706350265264;0.0766041887062;0.1;4.31011032772;1.13017781698;0.0190123719795;48.0
210;0.917798142028;0.0508837483266;0.1;10.0;1.24632014071;0.0237332929174;37.0
211;;;1.0;1.0;1.5;2.11627284688;2.0
212;0.909501234554;0.0497390418618;0.1;10.0;1.27801615606;0.0300605765022;63.0
213;0.724983584968;0.0535738924085;0.1;10.0;1.22529617294;0.00831899476728;36.0
214;0.640026635857;0.0650257005406;0.175496099616;1.28964488623;1.30228924492;0.00306488312891;35.0
215;0.91610972307;0.0473398501604;0.1;7.04671308088;1.28782549555;0.00839807799008;32.0
216;0.542421591593;0.0;0.1;10.0;1.18371467707;0.00230317719983;100.0
217;0.655932925777;0.0389714177706;0.1;10.0;1.23980736914;0.00927393515667;46.0
218;0.905009460023;0.0515956736229;0.1;10.0;1.29686849901;0.0310433055101;60.0
219;0.475973009696;0.0;0.1;10.0;1.22671008422;0.00531648340079;52.0
220;0.543957761473;0.0302317334854;0.226027479816;8.25081461862;1.20242936627;0.0023743616047;53.0
221;0.834145640973;0.0459204406973;0.148028462016;10.0;1.33710979549;0.0203355406728;39.0
222;0.529061725764;0.0481291630326;0.272779182363;10.0;1.3274359481;0.0028632922144;45.0
223;0.619921982751;0.0132987677203;0.1;10.0;1.25526015301;0.0221915849049;41.0
224;0.902850717677;0.0604050719346;0.1;10.0;1.33965726464;0.0399285436837;70.0
225;0.552388337075;0.0;0.1;7.15291613432;1.19060329686;0.00387114857584;52.0
226;0.589715606344;0.034011144957;0.28245399724;10.0;1.2847917425;0.000378223621701;39.0
227;0.922104598256;0.0401789920268;0.149305204368;10.0;1.30184949538;0.0100831248592;34.0
228;0.519324061174;0.0284422805039;0.1;10.0;1.3386470687;0.013975993705;38.0
229;0.561367929037;0.0342512611931;0.234731953318;8.98287879843;1.33476056026;0.00117226229061;32.0
230;0.669374191882;0.0732907759144;0.1;10.0;1.21571348097;0.00238160625771;34.0
231;0.642232630041;0.0736675882835;0.338284984059;10.0;1.21483769944;0.00364370169625;39.0
232;0.801742958539;0.0565886040937;0.1;10.0;1.21457784952;0.0121216771113;34.0
233;0.797659229543;0.0728948448618;0.1;10.0;1.20209204826;0.0175424669029;33.0
234;0.772159580909;0.0742131135725;0.1;10.0;1.17635461841;0.00838474496124;32.0
235;0.590507928716;0.0336851547225;0.1;4.97882856732;1.18214424711;0.000773753804016;58.0
236;0.751882680824;0.0803698134227;0.1;10.0;1.16602438244;0.0102778814883;36.0
237;0.698667899727;0.0706726528634;0.1;10.0;1.14934888218;0.00821611621917;38.0
238;0.702245356666;0.0459991693287;0.159350806624;10.0;1.31608875625;0.0139892145126;31.0
239;0.490360019984;0.0181108907157;0.1;10.0;1.33204522737;0.00190984125619;100.0
240;0.626522749695;0.0388190282007;0.116678709785;10.0;1.31087969354;0.00405097889829;35.0
241;0.491609998696;0.0245560759065;0.1;10.0;1.31668580316;0.00820552247313;62.0
242;0.504061345418;0.0;0.120690354841;10.0;1.22868003519;0.0044613825826;28.0
243;0.4645948153;0.0149096525131;0.454873655917;10.0;1.36462342614;0.00558313174115;38.0
244;0.652537194;0.0231548091614;0.155771821273;5.20061509615;1.30297684359;0.00151097750629;48.0
245;0.88767731092;0.0562252944238;0.1;10.0;1.35315097244;0.0408464147904;100.0
246;0.432805690691;0.0168045031835;0.1;10.0;1.4966725287;0.0106641533184;100.0
247;0.48249780077;0.0216675416412;0.1;10.0;1.34179023511;0.00374497656543;58.0
248;;;1.0;1.0;1.5;0.432631617489;2.0
249;0.424258998891;0.0162557080549;0.1;3.38038289257;1.52510862814;0.0016939018184;92.0
250;;;1.0;1.0;1.5;1.41416808864;2.0
251;0.915249551453;0.0349124121644;0.1;10.0;1.28200117874;0.0215950163035;41.0
252;;;1.0;1.0;1.5;1.26289530464;2.0
253;0.458074199895;0.0;0.1;0.421676833654;1.22891976426;0.0129151346055;50.0
254;0.485789359227;0.0;0.1;6.15558838335;1.24508322972;0.00229464076749;80.0
255;0.631317758959;0.0;0.1;0.149899194213;1.29781444896;0.00369590446418;43.0
256;0.936396153887;0.037548103898;0.100448573091;10.0;1.39798641321;0.0357060933443;32.0
257;0.919777159531;0.0317415246033;0.1;10.0;1.16674667681;0.043322861003;33.0
258;0.581462679915;0.0605217233062;0.1;0.250885673265;1.31045656282;0.0043376651791;39.0
259;0.92058090364;0.0455539873896;0.1;7.4434324587;1.15242505678;0.0421775476611;54.0
260;0.519609183346;0.0259311135316;0.112006791412;10.0;1.28377721704;0.00360076334195;38.0
261;0.927477582392;0.0408803324805;0.1;10.0;1.31820736807;0.0370013637777;65.0
262;0.345626684332;0.000644616676023;0.1;0.633893164878;1.22706695733;0.00693954810558;40.0
263;0.840725823736;0.0821494711443;0.1;6.6292548036;1.17560872453;0.0098029865001;49.0
264;0.410059813696;0.0;0.1;1.81001942391;1.2972074453;0.00201691455299;74.0
265;0.921547005357;0.0397224430855;0.1;10.0;1.27280716482;0.0380752079071;44.0
266;0.598501221235;0.0;0.1;0.0380509978608;1.33585501213;0.00759957434186;38.0
267;0.932207886893;0.0376145463581;0.1;10.0;1.30950500613;0.0227557857965;58.0
268;0.576106708506;0.0;0.1;0.0273320051396;1.42447847535;0.00196964553206;39.0
269;0.518369951374;0.0;0.1;1.9795807147;1.21053538997;0.00991430933314;47.0
270;0.488890986028;0.0;0.562957636875;5.29624471419;1.24800628097;0.00395137271262;42.0
271;0.544260799166;0.0;0.1;10.0;1.1768794243;0.00169313800299;60.0
272;0.461325590316;0.0;0.367015393506;10.0;1.23416715866;0.00185255506467;30.0
273;0.800460505756;0.0935669541919;0.1;10.0;1.23159843613;0.0133887555539;34.0
274;0.866381262224;0.0774950818231;0.1;10.0;1.29124296616;0.0283122285459;100.0
275;0.928653669521;0.0423433408108;0.1;10.0;1.2343742628;0.0285048631116;35.0
276;0.931192912906;0.0291737888857;0.1;10.0;1.25087308778;0.0326325459214;39.0
277;0.413985069624;0.0121498406658;0.402486812936;9.44062781612;1.59447202279;0.0174127627959;44.0
278;0.63825593511;0.0;0.1;0.0731647269742;1.27843375103;0.016584278572;43.0
279;0.908606120554;0.0550287076256;0.1;10.0;1.30354183137;0.0669354402818;55.0
280;;;1.0;1.0;1.5;1.80615209062;2.0
281;0.461123877418;0.0;0.1;1.126788989;1.22143445918;0.00519678667698;39.0
282;0.423585166237;0.0;0.1;0.231497523304;1.23652623083;0.00109679548916;36.0
283;0.450694658853;0.0603122861793;1.6937347201;0.272274703242;1.27385465548;0.000462985286025;27.0
284;0.44933354799;0.0;0.1;0.328405012128;1.23339331417;0.00714609286923;28.0
285;0.477693320555;0.0;0.1;9.58740770259;1.20365068767;0.00171012575296;99.0
286;0.94370333366;0.0414906312699;0.1;10.0;1.38895457983;0.0859421198466;100.0
287;0.933932462306;0.037708902416;0.1;10.0;1.39432990828;0.0333126280884;100.0
288;0.418903976422;0.0124288402885;0.1;1.45445434708;1.81231699668;0.00251629087135;83.0
289;0.551653372687;0.0220361380962;0.1;10.0;1.27848801677;0.00301671026087;43.0
290;0.467347195391;0.0187831702162;0.494117628019;1.93815761027;1.47892572137;0.0077279372827;29.0
291;0.521123186257;0.0;2.3262200279;0.211306510663;1.28432101995;0.00173713958598;49.0
292;0.924385866722;0.0561208993974;0.1;10.0;1.33527639801;0.0396514245501;49.0
293;0.500513368739;0.0117905376459;0.1;10.0;1.33786367098;0.00410964715225;43.0
294;0.564934787224;0.0;0.1;9.28922055434;1.30015252693;0.00165074176894;60.0
295;0.434882235359;0.0;0.1;1.2486070908;1.23880987369;0.0050814844311;100.0
296;0.514494496042;0.0253520288191;0.1;10.0;1.33996659488;0.00179017546523;37.0
297;0.499820009035;0.0180045799911;0.456808207642;10.0;1.38676968262;0.0102991953427;42.0
298;0.890267665771;0.0761004697397;0.1;5.03788308595;1.14168679474;0.0319225747699;69.0
299;0.575325926315;0.0;0.1;10.0;1.20621704186;0.00332543298799;67.0
300;0.46308432173;0.0;0.1;5.76729406806;1.16306451006;0.00499958475594;43.0
301;0.929229405786;0.0380138305629;0.1;10.0;1.35446001841;0.0306761731143;100.0
302;0.435894657639;0.0125030372707;0.171820772851;1.27552547688;1.56596243011;0.00345057580762;35.0
303;0.923421657213;0.0402553607782;0.143421533302;10.0;1.4201828355;0.0232462975903;31.0
304;0.87936777157;0.0518004680719;0.159072491366;10.0;1.33130218027;0.0273183583774;31.0
305;0.536943773239;0.0;0.1;10.0;1.17653051773;0.00673671747812;100.0
306;0.614896425721;0.0;0.1;0.127269223846;1.21684642886;0.00759228394425;31.0
307;0.518948841196;0.0;0.1;5.92505072744;1.24566153086;0.00211721271252;78.0
308;0.461233758193;0.0;0.1;0.906944913152;1.16623689434;0.00789269366758;50.0
309;0.933168002983;0.0449415807611;0.1;10.0;1.33657376912;0.0422612051255;65.0
310;0.478844588769;0.0206154066196;0.1;10.0;1.20765549986;0.00465123991445;46.0
311;0.520937618027;0.0;0.1;0.0210919056833;1.40827748288;0.00250666449887;31.0
312;0.492967872147;0.0;0.1;3.81527970725;1.22858469437;0.00268208011285;61.0
313;0.94384523596;0.0365705755699;0.1;10.0;1.40685374149;0.0278629658458;100.0
314;0.494027787457;0.0;0.1;0.222336856669;1.36208395056;0.00330487277288;40.0
315;0.933572917509;0.0394770114021;0.128192470073;10.0;1.33836448968;0.0139222928529;33.0
316;0.921738620965;0.0453039995309;0.172046901896;10.0;1.32681790759;0.0480305111091;31.0
317;0.925784402764;0.0422077951593;0.1;10.0;1.29307323597;0.0305450628732;68.0
318;0.857173394442;0.0812281560108;0.1;10.0;1.20618200241;0.0151020493113;29.0
319;0.431085856562;0.0154398429003;0.1;5.76435312398;1.35266273115;0.00196852883723;100.0
320;0.44197948522;0.0146586936357;0.1;4.1145384363;1.43644973479;0.00150064471939;100.0
321;;;1.0;1.0;1.5;2.66504369854;2.0
322;0.925179233425;0.0129015144829;0.33458556524;4.99766676249;1.18320811968;0.0339768204269;36.0
323;0.45517002367;0.00755593434552;0.44810447268;10.0;1.46397939666;0.00457292892018;37.0
324;0.737701783843;0.0484649504499;0.1;10.0;1.39680774674;0.0169346685798;80.0
325;0.935501815843;0.0398311231316;0.1;10.0;1.35216422066;0.0230395659842;100.0
326;0.510818706002;0.0;0.1;0.255393574656;1.21274788974;0.00141787924205;29.0
327;0.441795153958;0.0219332983823;0.175095031493;10.0;1.41766900215;0.00122928134585;37.0
328;0.48919644687;0.0;0.1;9.79782466509;1.19879258764;0.0019416656655;56.0
329;0.501523806845;0.0311798527467;0.1;10.0;1.40806460927;0.00486576701788;52.0
330;0.871536729023;0.0903003009074;0.1;10.0;1.34128949746;0.0237388167383;72.0
331;0.40053962946;0.0;0.1;0.147706646435;1.29109999865;0.00541931385354;30.0
332;0.953451710192;0.0268179399977;0.1;10.0;1.73454973535;0.0570348580844;100.0
333;0.928199201136;0.0452666707601;0.1;10.0;1.44610240754;0.0529300433901;100.0
334;0.945792856223;0.0378144501105;0.1;10.0;1.45084039605;0.0541938396833;100.0
335;0.604705157834;7.28342739955e-05;0.1;0.0310655196321;1.3706327927;0.0115329542685;40.0
336;0.473546188255;0.0130068487361;0.1;4.2106385822;1.40024243303;0.00101725486493;70.0
337;0.919731903155;0.0314407785293;0.1;10.0;1.30637050696;0.019367883306;39.0
338;0.461324733804;0.0193567674851;0.1;1.39049858506;1.5444126466;0.00235449910268;100.0
339;0.538125986193;0.00413171055986;0.1;10.0;1.38400434142;0.00512776024608;79.0
340;0.476875200645;0.0310154111499;0.1;3.00940854311;1.38326900578;0.00111500059088;59.0
341;0.68125632052;0.0;0.1;10.0;1.20189422391;0.00362719526174;59.0
342;0.523142311889;0.0;0.1;1.033516885;1.18469764403;0.0081279587821;51.0
343;0.553186915643;0.0;0.1;10.0;1.23627211423;0.00292195826285;42.0
344;0.517211702472;0.0279824688372;0.324447194964;1.5813107884;1.32276774455;0.0015071466499;31.0
345;0.579721379963;0.0;0.1;4.55884349192;1.2192286085;0.00475104812685;100.0
346;0.554758374411;0.0428481733974;0.1;0.177656492442;1.47067316846;0.0092635170374;83.0
347;0.511907842864;0.0241834961657;0.1;10.0;1.45844338559;0.00349562621158;34.0
348;0.487922100027;0.0557372019494;0.205543052328;8.32817257937;1.27232500503;0.00286764113135;37.0
349;0.512117602437;0.0;0.1;3.52776588031;1.24384338294;0.000746335111319;81.0
350;0.598607391182;0.104751463843;0.1;10.0;1.23349894214;0.0183805494412;32.0
351;0.501137214899;0.0;0.1;1.92558347863;1.21312022331;0.00553104818149;96.0
352;0.632988667124;0.154925492574;0.1;10.0;1.13297377531;0.00139033768636;38.0
353;0.466955762804;0.0339009884645;0.1;10.0;1.24772253568;0.00211699235685;39.0
354;0.506462860196;0.0684607144821;0.108249498816;10.0;1.26293922423;0.0078997032056;33.0
355;0.589091330692;0.0;0.1;10.0;1.25859302413;0.00507804219023;35.0
356;0.503869352576;0.0655204852881;0.1;10.0;1.24555226495;0.00289015298154;48.0
357;0.649509541039;0.0789553919861;0.1;10.0;1.18814049351;0.00149261309049;35.0
358;0.616561885846;0.105417494618;0.1;9.60694883201;1.1320770709;0.0029403771275;56.0
359;0.524782741618;0.0292659042891;0.1;4.56637800103;1.39959391685;0.00250974588637;28.0
360;0.532197851644;0.0;0.1;10.0;1.19872497131;0.00151495024368;49.0
361;0.316494565345;0.0461792388282;0.1;0.532599318218;1.16309870693;0.00159775843796;26.0
362;0.657836968114;0.0391884158033;0.1;10.0;1.24519466469;0.00370745627863;40.0
363;0.463739807005;0.0142116563299;0.721665724538;10.0;1.32313207323;0.0034203023384;38.0
364;0.460852443811;0.0;0.1;3.58978483086;1.22550309229;0.00104806281996;50.0
365;0.463491331999;0.0;0.1;2.51756967419;1.22283456829;0.00461986302482;64.0
366;;;1.0;1.0;1.5;0.55943232173;2.0
367;;;1.0;1.0;1.5;1.06049236089;2.0
368;0.502007757013;0.0;0.1;1.91458154005;1.2346357105;0.00157306685945;46.0
369;;;1.0;1.0;1.5;0.160677873172;2.0
370;0.529076754506;0.0;0.1;1.57158393482;1.24250056888;0.00622188158053;81.0
371;0.486687799888;0.0;0.1;1.48253803895;1.19147194014;0.00147629560396;39.0
372;0.538662277481;0.0459060172311;0.1;5.30034299027;1.27852288499;0.00124289122298;81.0
373;;;1.0;1.0;1.5;0.742955389361;2.0
374;0.436708469479;0.0264951793629;0.1;0.190682707149;1.46304875213;0.00452789337613;64.0
375;0.553150718469;0.0173248402814;1.45619751692;10.0;1.34285291265;0.00756596795253;42.0
376;0.431750120254;0.0;0.1;0.551841716633;1.35369115028;0.00179753954676;91.0
377;0.46880887357;0.006996085951;0.1;9.49376459625;1.18043180365;0.00372989693654;50.0
378;0.51751861917;0.0160430609311;0.1;2.65225181441;1.42206219407;0.0154501362022;100.0
379;0.472980897064;0.0420548885206;0.1;5.43989949354;1.39606222916;0.000547039502153;67.0
380;0.46493659989;0.0226353695475;0.1;1.34980742553;1.59541874669;0.00340038050092;100.0
381;0.591198549027;0.0;0.1;0.73203295241;1.2938753414;0.0141072784364;100.0
382;0.432226957338;0.0;0.1;0.509049681234;1.18060320985;0.000865899494608;54.0
383;0.60846631251;0.048429152158;0.1;10.0;1.22719342751;0.00764846200117;52.0
384;0.503813875751;0.0;0.1;2.66512218419;1.23890023697;0.000453319335062;41.0
385;0.507818983876;0.0383666370918;0.1;0.757024900584;1.65552819418;0.00808629923809;100.0
386;0.513420029713;0.0;0.1;0.977392236957;1.31863387961;0.000927756379644;34.0
387;0.491395583643;0.0;0.1;0.675882233034;1.20259671496;0.00241107229142;37.0
388;0.497565912425;0.0;0.1;1.43363748252;1.22518675513;0.00373503902473;67.0
389;0.469648399064;0.0;0.1;2.16125535447;1.74195022509;0.00208986520272;41.0
390;0.413708272994;0.00680649941207;0.234051348963;2.5660653097;1.31398110903;0.000194556525501;52.0
391;0.496727028084;0.0;0.1;1.99491959959;1.18589616361;0.00140277703367;26.0
392;0.574256903456;0.0901229414464;0.163222049832;4.98548129623;1.28230166377;0.00120568784021;27.0
393;0.579615648635;0.0;0.1;0.802859795706;1.24406591476;0.000854376666702;60.0
394;0.46003208911;0.036057989184;0.1;0.139576591166;1.42460928523;0.000936807993382;79.0
395;0.549000042774;0.0429867249008;0.1;2.77000790314;1.31432461246;0.00501329265593;100.0
396;0.453767571845;0.0157208524633;0.1;1.01382440583;1.84620739192;0.00364483442497;100.0
397;;;1.0;1.0;1.5;0.491170595287;2.0
398;0.393980925419;0.0116924765352;0.1;1.00466529923;1.66560105983;0.00272710341627;100.0
399;0.437855892172;0.0;0.1;0.298149109444;1.28991781754;0.00314631035414;36.0
400;0.494295815951;0.0399284218391;2.65293652452;1.92868216089;1.46321492835;0.0136950878756;37.0
401;0.525895326205;0.0465552822521;0.413590739489;10.0;1.32451623822;0.0110398061575;34.0
402;0.441496440219;0.00960389292776;0.1;3.09381204925;1.6621508408;0.0022319054071;100.0
403;0.450535970892;0.0237521035137;0.60835472273;10.0;1.487380943;0.00419818968943;63.0
404;0.417028751785;0.0184443094325;0.511803716362;6.0011892951;1.58729668489;0.00810498029528;46.0
405;0.407979078761;0.0;0.1;0.693192269349;1.22159033096;0.00597216798392;47.0
406;0.455449850465;0.00519236739533;0.802000025328;4.71081300463;1.89968021999;0.00309649498851;56.0
407;0.539912854606;0.0344130285177;0.1;10.0;1.33456362166;0.00919353448383;47.0
408;0.541167127388;0.0227106606947;0.379297000571;10.0;1.35193865818;0.0126413742356;45.0
409;0.480882865942;0.0202558436804;0.1;1.89121033748;1.14808469365;0.00167311917272;44.0
410;0.51028678931;0.0314613215786;0.1;10.0;1.34707314039;0.00229278533523;100.0
411;0.641834302532;0.0;0.1;7.60664931934;1.28606919309;0.00255477895442;100.0
412;0.543599197791;0.102099778401;0.1;4.49302637377;1.15068923666;0.00221036435564;58.0
413;0.492079886875;0.0;0.1;0.349993709093;1.28742528175;0.0126287100395;38.0
414;0.359592387116;0.00378131336202;0.1;0.0103033257619;1.29154893173;0.00120727239413;34.0
415;0.48748974357;0.0210880978524;2.04451253269;4.20177052205;1.52899468508;0.0105789516559;39.0
416;0.600558618505;0.0435988560755;0.1;10.0;1.26761946526;0.00217688633553;40.0
417;0.622953723025;0.0;0.1;7.08203371752;1.16595261697;0.00383143398533;90.0
418;0.493543609465;0.0912779770721;0.1;10.0;1.24964267127;0.00491112812002;35.0
419;0.449614763601;0.00720034962858;0.1;1.36559499518;1.81783492106;0.00773924124588;33.0
420;0.493435754748;0.0;0.1;0.179052156535;1.4482007031;0.00459438031233;43.0
421;0.492993065944;0.0352390019933;0.1;1.00304019529;1.8067688281;0.00380491479578;100.0
422;0.445583849992;0.0363756605922;0.1;1.54651812128;1.45292945596;0.002203715958;100.0
423;0.452743639626;0.0261590387244;0.1;0.745609497197;2.05732722536;0.00229424863589;100.0
424;0.444012913448;0.0628654874284;0.107595193496;10.0;1.28338678398;0.000999220782374;47.0
425;0.517084408342;0.0;0.1;10.0;1.2302975081;0.00389934053214;41.0
426;0.489244987721;0.148830254693;0.1;10.0;1.10463832935;0.00269467718459;37.0
427;0.548537526679;0.104094633181;0.1;10.0;1.23427442594;0.00406950140284;37.0
428;0.640734497416;0.100359285987;0.1;10.0;1.22426896347;0.00242704385676;34.0
429;0.538885850763;0.0;0.1;2.50646970219;1.12989366533;0.00369904230802;46.0
430;0.526452333703;0.129575200339;0.1;10.0;1.18645652191;0.00471920994629;31.0
431;0.639274164836;0.0990462332635;0.113069023848;10.0;1.22984424211;0.00139665546745;37.0
432;0.537100489625;0.0654821695786;0.826857700922;9.77119671424;1.37124548516;0.000182173608469;35.0
433;0.48983217756;0.0;0.1;2.72354561039;1.26798055483;0.00274237169898;58.0
434;0.480071807915;0.0;0.1;1.19209078139;1.36518255597;0.0024969285245;100.0
435;0.461512793031;0.0;0.1;0.509748060053;1.45205269115;0.0042866124078;81.0
436;0.453204364968;0.0;0.1;7.4670143333;1.20594669672;0.00516742108974;72.0
437;0.461886889469;0.0568549340822;0.563306925708;10.0;1.35811953496;0.00146147089402;61.0
438;0.506041823498;0.0;0.1;7.7296907063;1.25857867924;0.00141840214041;73.0
439;0.443714834093;0.0;0.1;2.95480092342;1.23371811872;0.0024558890301;57.0
440;0.640712377249;0.145707671949;0.1;10.0;1.16661299094;0.00228440565347;35.0
441;0.448825221891;0.0564091423951;0.1;10.0;1.23182453488;0.00634628535709;40.0
442;0.524397102233;0.0;0.1;10.0;1.05582841278;0.000382870409903;46.0
443;0.381220303208;0.092811241336;0.1;10.0;1.11697416814;0.00301645482933;44.0
444;0.472202028797;0.0968483343849;1.41379889073;6.72594853934;1.31474571751;0.00784139121688;37.0
445;0.469328257334;0.0;0.1;1.33920301985;1.24585613196;0.0018061459295;48.0
446;0.45282453963;0.0;0.1;1.97937559593;1.18809444677;0.000729524002568;57.0
447;0.492031045061;0.0231897198591;1.89486189837;0.365531046751;2.69530665675;0.0118709950635;100.0
448;0.574756722069;0.0;0.1;0.828232837;1.31072748789;0.00381274640131;100.0
449;0.325343211102;0.0936914941243;0.1;10.0;1.11544578341;0.00170725767406;32.0
450;0.475195070992;0.137712247131;1.94010952016;10.0;1.20351779148;0.00379239607232;47.0
451;0.495339994351;0.0603202000782;0.1;10.0;1.22211797802;0.00065394672342;100.0
452;0.487108857799;0.0235129434545;1.9051274335;0.969827486123;1.64417734921;0.00738769130549;31.0
453;0.423125218759;0.0;0.1;10.0;1.18594189523;0.000835761695036;47.0
454;0.542818111394;0.0;0.115099543893;7.47348624945;1.1990980624;0.000642025115649;56.0
455;0.570741400025;0.0;0.1;2.07210663217;1.15451473914;0.00783612797348;100.0
456;0.572203870227;0.0660722391854;0.1;10.0;1.29849078706;0.00600111986269;45.0
457;0.533183000819;0.0310551850639;1.70273776416;1.29602430611;1.8364240564;0.0284689685582;41.0
458;0.419377398458;0.0128258912684;0.583977753282;1.05999577914;2.02325645031;0.000197985540766;91.0
459;0.418829938759;0.0;0.1;0.904184495422;1.20377576758;0.00381442029111;99.0
460;0.538323153334;0.0;0.1;6.07921407393;1.20161851762;0.00131368489796;42.0
461;0.519456941283;0.0;0.1;5.63072239053;1.21583985362;0.00336314271193;62.0
462;0.418936389399;0.0227120130632;0.155920544573;10.0;1.41876567476;0.00102439251295;37.0
463;0.489743132808;0.0;0.1;10.0;1.1597457895;0.0014833171478;70.0
464;0.533336383047;0.06803553835;0.158815773856;10.0;1.22572734259;0.00216623503998;36.0
465;0.445316927734;0.00939214937215;0.236895362278;3.05528657094;1.58490108594;0.000569375895751;54.0
466;0.478283959272;0.000328866044287;0.1;10.0;1.31426455367;0.00521386064841;51.0
467;0.456338728003;0.0;0.1;2.35589912629;1.31398964566;0.000499882247674;49.0
468;0.397384488126;0.0342419607416;0.1;10.0;1.33255746758;0.000148454329371;36.0
469;0.463973215778;0.0;0.1;0.60753188766;1.26337401628;0.00404900191842;38.0
470;0.49682282907;0.070413007257;0.1;10.0;1.27659796079;0.00213225477166;36.0
471;0.463058195142;0.0257991622742;1.03074025847;7.67190356939;1.374919962;0.0129783453311;44.0
472;;;1.0;1.0;1.5;0.391722600533;2.0
473;0.436631518891;0.00388855626831;0.1;1.24511394237;1.83541205946;0.00150505025827;100.0
474;0.443145510445;0.0;0.1;1.17118986595;1.27413151882;0.00805792509729;57.0
475;0.49955270705;0.0374917831749;1.57781191604;1.36311403171;1.58743849597;0.00582356972357;31.0
476;0.477986474678;0.00538716062493;0.1;1.26825017983;1.65998308221;0.00476575802256;100.0
477;0.499691120897;0.0360906001977;0.1;0.0871940488565;1.61188863056;0.00211499133106;76.0
478;0.630364536988;0.0;0.1;1.36507067671;1.22124949074;0.00511525991687;64.0
479;0.474737681092;0.00591000478961;2.13521970568;1.33777014363;2.12825039438;0.0186022506672;49.0
480;0.431280599201;0.0;0.1;1.8116182124;1.23671398555;0.00164342458399;40.0
481;0.455141064752;0.0;0.1;4.09639748987;1.18983352616;0.0109519979339;64.0
482;0.406572741341;0.0161789499245;0.160774373623;10.0;1.44190379751;0.000480007239422;54.0
483;0.53499098277;0.0101687559404;0.1;0.256010695192;1.51017143688;0.0182750869578;100.0
484;0.5820218237;5.68075498298e-07;0.1;9.13676065397;1.17180879928;0.00202108039423;86.0
485;0.612861752978;0.0;0.1;2.38159549461;1.27398531949;0.00149455995808;48.0
486;0.587112813161;0.0;1.8419704321;10.0;1.37784198261;0.0167268658653;33.0
487;0.479487969919;0.0;0.1;1.64843391745;1.21226053696;0.0122510421672;55.0
488;0.422245312937;0.0170949714097;0.1;1.81330045451;1.8405148115;0.000344161424737;29.0
489;0.408997741646;0.0115070575465;0.1;2.6853967999;1.50223091046;0.00223390089829;100.0
490;0.486219757194;0.094836681364;0.1;10.0;1.12771707098;0.00200119112603;33.0
491;0.469452186918;0.0;0.1;3.61603092702;1.20152160101;0.00577355220671;42.0
492;0.465632755065;0.0281266211826;0.628920607403;5.17504336062;1.60375626235;0.00705732241361;33.0
493;0.53978463463;0.0507144345401;0.1;10.0;1.32232881489;0.00659795059916;80.0
494;;;1.0;1.0;1.5;0.802986683005;2.0
495;0.422458099024;0.0087486616013;0.1;2.21446627483;1.71712210491;0.000469480364596;100.0
496;0.427144694598;0.0;0.1;2.41635851998;1.18916262169;0.00464897083474;81.0
497;0.403343739088;0.00767026852631;0.1;1.67908151196;1.68353265524;0.00117488820751;100.0
498;0.421719037026;0.0;0.1;2.07471571291;1.2608159308;0.00101937635167;71.0
499;0.610274038023;0.0;0.1;10.0;1.14270696392;0.00456488201049;45.0
500;0.3285342455;0.0;0.1;10.0;1.03021942452;0.000365394010536;33.0
501;0.545627862857;3.43792639791e-07;0.1;10.0;1.31858727893;0.00384897866008;40.0
502;0.516819380791;0.0324348919667;1.45036834141;10.0;1.32621245038;0.0215067376636;51.0
503;0.566296997405;0.0854019230698;0.1;10.0;1.27099042246;0.00142969738519;36.0
504;0.495154515558;0.0;0.1;4.15331093443;1.302026577;0.00112733228637;65.0
505;0.550416610052;0.0491025063995;0.1;10.0;1.21028970122;0.000755672533963;41.0
506;0.439444287861;0.0246854482547;0.203989548592;10.0;1.65054147224;0.00206645629029;34.0
507;0.424047558896;0.0543300462669;0.1;10.0;1.41203429966;0.00389075104305;82.0
508;0.390760147484;0.0542445866652;0.1;10.0;1.02723992917;0.00017693597458;51.0
509;0.504811720271;0.0;0.1;0.505469123298;1.23550872887;0.0032252800218;46.0
510;0.445856820624;0.0314344178657;0.113854576007;2.77982265838;1.28066681194;0.00198601058515;49.0
511;0.503523137889;0.0397912290485;0.1;10.0;1.24725001154;0.00130701143709;40.0
512;0.550159030731;0.0343358374622;0.192723212717;10.0;1.23607973107;0.00143727147589;33.0
513;0.542039400474;0.0541782081262;0.1;1.1466537335;1.43034115187;0.000937568779238;93.0
514;0.527347056646;0.020896028304;0.484179290598;10.0;1.34343336889;0.00371342548154;38.0
515;0.74557711433;0.13451684526;0.143082556087;10.0;1.19344520977;0.0144572637726;31.0
516;0.571393368791;0.0;0.1;6.92061148653;1.19689175019;0.00406612479079;94.0
517;0.495172666469;0.0;0.1;4.58567842288;1.24544593708;0.00211468771571;48.0
518;0.451499209919;0.0233545538413;0.1;0.977312088041;1.71799822106;0.000807446584738;100.0
519;0.493800578209;0.028735703701;0.1;1.05654137056;1.3929305364;0.00144731294121;83.0
520;0.545664287928;0.0705338867535;0.1;10.0;1.17461685732;0.00747801996158;35.0
521;0.552064458046;0.0;0.1;3.2630891056;1.20599410752;0.00211073050883;93.0
522;0.574420842064;0.0264893722182;0.1;10.0;1.50137909773;0.0344902146885;100.0
523;0.514449157214;0.0528289255481;0.118851118492;10.0;1.30416915932;0.00395452374732;48.0
524;0.564623171176;0.0655735296834;0.162687837304;10.0;1.21730909607;0.00168854792786;43.0
525;0.442489009631;0.00336043340135;0.26939581182;9.74261347801;2.19935731881;0.00274151815345;36.0
526;0.536611666851;0.0323974126969;0.1;10.0;1.39940067179;0.0124588578492;91.0
527;0.467735646444;0.0;0.178098711261;10.0;1.29587744052;0.00492564698904;58.0
528;0.564314088977;0.0;0.1;3.94640582004;1.21889643406;0.00229415327826;50.0
529;0.57060703745;0.0251507252291;0.1;10.0;1.47752362063;0.0323096530506;100.0
530;0.649641546008;0.0433669495059;0.1;10.0;1.18610102982;0.0141821920021;38.0
531;0.460326069043;0.0;0.184866046431;2.32691168286;1.29041557001;0.000205825073564;21.0
532;0.403035705325;0.0072752475871;0.1;0.96835396658;2.13648519691;0.000806250592727;100.0
533;0.570025583441;0.0232461976639;0.1;10.0;1.29953334428;0.0215973137828;77.0
534;0.40824519838;0.00693277934155;0.282709440336;9.23899899536;2.20976643499;0.0030409265843;33.0
535;0.470877224719;0.147935751662;0.1;10.0;1.06507048981;0.00201056762843;32.0
536;0.424517381953;0.0;0.1;0.274456661499;1.31489177323;0.00616718911958;46.0
537;0.478972295068;0.0436861561588;0.1;0.0844520442588;1.70812863626;0.00345899999422;100.0
538;0.506233321522;0.0179258054386;2.73786256769;9.02003191142;1.45488805107;0.00492812394957;100.0
539;0.615419658375;0.0197887688723;0.173280350687;10.0;1.3033707614;0.00335804837585;30.0
540;0.442826690766;0.012255562676;0.214294288879;10.0;1.55131979087;0.000700912063616;36.0
541;0.474137997244;0.0152186843861;0.171558223709;10.0;1.3677570262;0.00718282273241;32.0
542;0.667815414298;0.0682951139943;0.1;10.0;1.37018306165;0.0250148917072;29.0
543;0.391768875675;0.0327010421664;0.218540769563;10.0;1.24170683384;0.00172374565624;47.0
544;0.657775593788;0.091532778393;0.1;10.0;1.28490216747;0.0266223640861;85.0
545;0.397734574412;0.00611757217423;0.1;1.25965431911;1.74055085405;0.00144386688555;100.0
546;0.568918228667;0.0542175758211;0.212754761547;6.8076250184;1.24535870515;0.000827453934398;73.0
547;0.514891342693;0.0492312155126;0.1;10.0;1.17140813498;0.00450509984284;38.0
548;0.361482673097;0.0953759503512;0.1;0.161070993028;1.12472443197;0.00197284451184;36.0
549;0.429757376751;0.0;0.1;0.56787159092;1.28040927528;0.00142979866529;54.0
550;0.612069961091;0.0703094566087;0.1;1.94724571375;1.24448446361;0.00180534412194;26.0
551;0.403863044868;0.0;0.1;2.04521832915;1.20125369979;0.00120064105796;86.0
552;0.468184153322;0.0147984336823;0.146644285305;10.0;1.49564863349;0.00320877821216;100.0
553;0.519273111452;0.0690822599576;0.619761383893;10.0;1.23902742963;0.0021868030053;36.0
554;0.585022084945;0.0;0.1;6.66304234449;1.16781858693;0.00159443563315;46.0
555;0.527924263011;0.0448048028251;1.54682739611;3.07987543887;1.55033534382;0.016728574934;37.0
556;0.650965266508;0.0387136906197;0.162110375476;10.0;1.28124011369;0.00431466294269;34.0
557;0.543195463079;0.06088085356;0.1;7.1599735665;1.32605530833;0.0101084936626;93.0
558;0.303259440754;0.0814162615168;0.1;10.0;1.0683291314;0.00172771619021;33.0
559;0.503566485309;0.0355024243304;1.80359319062;1.57350317467;1.44916225769;0.015598958002;42.0
560;0.522271560491;0.0508898521496;0.560424517215;10.0;1.24552919468;0.000801655274027;39.0
561;0.423453135257;0.0;0.1;2.69974418526;1.20937017388;0.0027461870431;78.0
562;0.47168701032;0.0;0.130999045588;6.17447518845;1.2085874569;0.00116755680728;59.0
563;0.603767269425;0.0588046446341;0.1;3.2624951317;1.15464453174;0.00979337757092;45.0
564;0.489649889626;0.0;0.1;9.35505636575;1.15259014314;0.00210019924678;50.0
565;0.57464117818;0.0;0.1;3.96361279979;1.16695780373;0.00524108453783;88.0
566;0.550854493216;0.0365543164434;0.1;2.72350776696;1.27780324255;0.000180592165963;40.0
567;0.47193741346;0.0118296017741;0.1;4.09047503911;1.35890545327;0.00143234285663;43.0
568;0.532703431628;0.0;0.1;7.14621374583;1.16850106516;0.00200181702032;71.0
569;0.455983375595;0.0159611202336;0.1;10.0;1.49673881718;0.00115210267096;100.0
570;0.449166413471;0.0;0.1;4.17937051813;1.22728936542;0.00373404811095;71.0
571;0.605201555276;1.7717569839e-05;0.1;2.99349337454;1.19218987083;0.000377493134737;63.0
572;0.518033365271;0.0369913089678;0.1;0.134766408494;1.46345097856;0.001467961215;46.0
573;0.648555876416;0.0;0.1;9.17525701142;1.18412993002;0.00270721372125;54.0
574;0.499382517783;0.0102088150985;0.1;1.76154823687;1.49334167308;0.00167253497663;59.0
575;0.402645315756;0.0;0.1;2.19228916908;1.22208791649;0.00222329084585;73.0
576;0.759135563742;0.0;0.1;5.76263255677;1.17066107716;0.000993119063091;42.0
577;0.522245564406;0.0863709124584;0.1;10.0;1.12919808526;0.00264324959645;43.0
578;0.551682632506;0.0;0.1;1.61218337421;1.24630581089;0.00641241581432;82.0
579;0.437720225855;0.00848009413242;0.620407975145;8.51032154781;1.67332911686;0.00707092803415;52.0
580;0.463175948863;0.0;0.1;0.45861889222;1.28941604744;0.00670920878544;39.0
581;0.43159786821;0.0;0.1;5.20393075835;1.14817774909;0.00281619858283;90.0
582;0.516728943241;0.0;0.199289432393;10.0;1.2108360383;0.00184592626985;32.0
583;0.451010077133;0.0129500481414;0.56373785413;10.0;1.35916179839;0.00266921124829;35.0
584;0.391043072921;0.00780687142317;0.1;0.5376353802;2.54247460299;0.00101548604969;100.0
585;0.436321742918;0.00700052236747;0.620396627418;4.80243140048;1.78555217542;0.00558575059557;44.0
586;0.497023343045;0.0172731799728;0.163268583318;1.74767277543;1.40948247549;0.000811380942407;24.0
587;0.501582455337;0.0347754337072;0.1;0.628762209898;1.94963911117;0.00785725980499;26.0
588;0.510086447515;0.0527633530053;0.1;1.05059648327;1.65519974154;0.0120603616839;25.0
589;0.656877501865;0.0996262825902;0.1;10.0;1.179357573;0.00864599728571;33.0
590;0.402879441184;0.108805343426;10.0;0.01;1.30829592869;0.000279176737363;34.0
591;0.451683606761;0.0;0.911923940187;10.0;1.02731165751;0.000285860248427;48.0
592;0.524825505271;0.0;0.1;5.07402175778;1.25878300691;0.00127605070676;53.0
593;0.471098610339;0.0;0.156349636534;10.0;1.24377227592;0.00189549232706;33.0
594;0.411730880044;0.0186187270329;0.185862505667;10.0;1.76050929244;0.00503384995;100.0
595;0.731324093106;0.0574517121349;0.365027427002;10.0;1.28370057427;0.00616615275722;47.0
596;0.540289752371;0.0;0.1;0.499363401974;1.23919556039;0.00302151168373;35.0
597;0.441455689883;0.0;0.1;4.92293579214;1.20956930592;0.00356678573332;54.0
598;0.669309823137;0.105816823142;0.10661977784;10.0;1.15881193762;0.00407943687198;37.0
599;0.442717917065;0.11952861005;0.1;10.0;1.06974551695;0.00190727669657;33.0
600;0.42832177582;0.166813789334;0.1;6.94096480508;1.03365555052;0.000127096251499;52.0
601;0.66900951369;0.0804707651894;1.29163052247;10.0;1.21796081734;0.00795546595264;29.0
602;0.579366173085;0.0787084198679;0.1;0.320415317609;1.28146832548;0.00411579975769;100.0
603;0.524889294811;0.0;0.1;0.681021595488;1.19374949278;0.00554262284424;56.0
604;0.623430901408;0.135425017649;0.1;3.04732057889;1.10402041903;0.0024977357366;52.0
605;0.394046612262;0.135882637254;0.1;10.0;1.04776563311;0.00040407664402;33.0
606;0.401914641271;0.0;1.77099196491;10.0;1.01917395095;0.000397982919456;48.0
607;0.537637403519;0.0;0.1;6.54423748129;1.23214596781;0.00102459509939;49.0
608;0.417307683559;0.0137599631864;0.136035755055;10.0;1.3520478266;0.000120783294321;34.0
609;0.316740121945;0.0112618563854;0.729962176359;3.45247259773;1.78901543798;0.00259485466767;46.0
610;0.62228030044;0.0;0.1;2.70268265994;1.21380028541;0.00345405354222;60.0
611;0.540606087838;0.0502698597544;0.212043734584;10.0;1.36532142377;0.00482467037421;35.0
612;0.507699492047;0.0263816755139;0.1;1.7991567909;1.63609813968;0.00255267825912;95.0
613;0.642556097338;0.0585101001291;0.450046711821;6.69826172508;1.27375331127;0.00741061628405;42.0
614;0.530709453394;0.0568001863012;1.79868205745;2.3903571508;1.34776001705;0.00382172177072;40.0
615;0.474641876767;0.000337556978017;0.1;2.75199230567;1.18126527662;0.00498317672224;100.0
616;0.532621697168;0.0151456486313;0.1;10.0;1.51879566699;0.0134540487813;100.0
617;0.423112246922;0.0164868106116;0.1;10.0;1.96165446671;0.00479633622192;100.0
618;0.397017034747;0.0079988257784;0.1;0.82273934593;2.13081358083;0.00177566432118;100.0
619;0.575297679516;0.024964808398;0.1;10.0;1.23977795713;0.00382364740444;100.0
620;0.460321637487;0.0243153463393;0.1;2.5037251968;1.45778863313;0.00129287545051;100.0
621;0.558221795158;0.0;0.1;2.61532022704;1.26566136493;0.00357647819253;50.0
622;0.573311204106;0.0695574953539;0.535543549861;10.0;1.27972812358;0.00394940420396;35.0
623;0.551203481266;0.0231119890455;1.87656737369;8.97200125942;1.44009817728;0.00627258762486;39.0
624;0.664832533692;0.0;0.1;2.26752335991;1.2379175442;0.00369428655467;67.0
625;0.537155514453;0.0517557980722;1.1866086082;8.33134958475;1.28650327041;0.00377261265579;46.0
626;0.441529427775;0.0;0.1;1.60200350495;1.19321319061;0.00643194500762;48.0
627;0.553581584544;0.0;0.1;5.50341919714;1.16790690829;0.00480172089378;51.0
628;0.555727371362;0.021657530883;0.1;10.0;1.3706349381;0.01143614104;42.0
629;0.465404744848;0.0329140112022;0.1;2.84847852883;1.36085368107;0.00150854295082;100.0
630;0.412975074852;0.0079783218684;0.177422874421;3.18855122047;1.63063831706;0.000242096815109;22.0
631;0.636266884856;0.0;0.1;10.0;1.0944601094;0.00406659369242;48.0
632;0.594850593351;0.0574457905196;0.1;10.0;1.17019121706;0.00570920621291;34.0
633;0.489523596456;0.014145653857;0.727445538841;10.0;1.40903186369;0.0030693346372;34.0
634;0.538462870468;0.0481535159156;0.47521714318;10.0;1.29065266682;0.00371809815312;46.0
635;0.608781015221;0.102896086014;0.1;10.0;1.14616275667;0.00678407303902;31.0
636;0.489426602498;0.0;0.1;2.79355177902;1.20779287737;0.00228476761412;45.0
637;0.434388316791;0.0127771584374;0.246796793283;10.0;1.91809259239;0.00482638789906;37.0
638;0.585047811718;0.069466154651;0.1;10.0;1.22198472036;0.00222788226006;43.0
639;0.337918739849;0.110829387365;0.1;10.0;1.05558509676;0.00058011562789;29.0
640;0.509194563696;0.0173028375923;0.755037887775;10.0;1.48227989755;0.00608000978272;37.0
641;0.351487457346;0.120169559751;0.1;4.49408559272;1.04627434766;0.000718092211226;52.0
642;0.485554121923;0.0167310666189;0.791120474322;7.48010525489;1.75476827963;0.00512615514426;34.0
643;0.503073079666;0.0115784911677;0.1;0.306038839647;1.16275859756;0.0060686031374;31.0
644;0.649564671848;0.106373910394;0.102650968404;10.0;1.13480927384;0.00172752777944;32.0
645;0.321923714685;0.0;0.1;2.6754498314;1.15364516025;0.00188457459923;61.0
646;0.537852434083;0.0;0.1;3.32669736418;1.17662858256;0.00326907402529;43.0
647;0.517477159496;0.0284057446135;0.1;10.0;1.28763355781;0.0126318124094;38.0
648;0.472435715339;0.020173920013;0.506216823574;7.88079772641;1.56926427405;0.00390214609637;45.0
649;0.42063012503;0.0112217782868;1.08160665101;10.0;1.39787997219;0.00814434695568;45.0
650;0.394603837827;0.0733359677987;0.1;1.82249492218;1.10260254261;0.0067787249368;42.0
651;0.550615350843;0.031930752251;0.169138729684;10.0;1.28577220442;0.00170554519573;39.0
652;0.647925053222;0.0621317244038;0.1;10.0;1.22645690114;0.00274989260579;38.0
653;0.400778275;0.11201800937;0.1;1.16445617685;1.08673025658;0.000509934321503;38.0
654;0.700303630315;0.0;0.1;2.84202205143;1.18852148612;0.00137371669305;54.0
655;0.539399376891;0.0;0.1;3.86318090734;1.23174783492;0.00354254868401;67.0
656;0.486309558051;0.0;0.1;1.02529599585;1.26196659453;0.00581650574378;54.0
657;0.50342712661;0.112309757563;0.1;2.31094746003;1.11413922834;0.000208316238066;50.0
658;0.555603705021;0.033358691913;0.113155806811;10.0;1.32203761409;0.000809842013376;100.0
659;0.356691505813;0.0;0.1;0.0140642846168;1.25007791185;0.00224779524471;35.0
660;0.593033192862;0.0287010852005;0.1;9.50364990656;1.33611689054;0.00161792561154;55.0
661;0.618424549003;0.0;0.1;10.0;1.11970900431;0.00323359941436;43.0
662;0.515031936025;0.00107882780229;0.1;0.579814827972;1.22269009921;0.0134040577734;36.0
663;0.584224702677;0.0;0.1;7.54315565429;1.19747788133;0.00264133317463;75.0
664;0.45698135061;0.0;0.1;1.75933404832;1.16875540158;0.00517347404543;60.0
665;0.505944309314;0.0;0.1;1.31126285355;1.35197296997;0.0010756664042;49.0
666;0.481555740823;0.0;0.1;0.590272519365;1.23837016207;0.0041520584693;35.0
667;0.634595168903;0.0586218490798;0.1;2.57972590242;1.1905531281;0.00730875491031;50.0
668;0.562682931838;0.0261802578969;0.1;1.42891094967;1.16227096731;0.00307455712452;38.0
669;0.591134857442;0.0872562370892;0.155555089051;2.00857919356;1.22188467231;0.00276761390978;24.0
670;0.517179157593;0.0300777431817;0.485049367501;9.40154892005;1.46318212545;0.00246555157816;39.0
671;0.528108634344;0.0;0.1;6.97154657493;1.11949382675;0.00587317172004;59.0
672;0.683099643855;0.0;0.1;1.65697376321;1.17710301787;0.0110745749606;37.0
673;0.613349674685;0.0;0.1;0.761471218978;1.25446401792;0.00163613824092;35.0
674;0.546557647013;0.0254234470784;0.159580937699;6.32209905734;1.31694159238;0.00110910905929;39.0
675;0.496075516932;0.061669844098;0.1;10.0;1.23240202009;0.0036531088855;41.0
676;0.564252539881;0.0;0.1;0.313805008366;1.22580571153;0.00169859213254;35.0
677;0.492714839355;0.0651080326625;0.1;3.61328374154;1.21801786421;0.00185351942314;34.0
678;0.416542006201;0.0111717649803;0.22117075401;10.0;1.65076331406;0.000443221049752;42.0
679;0.626606300849;0.0739441202009;0.229718891999;10.0;1.22309895552;0.00190977470511;39.0
680;0.48849180482;0.0;0.1;0.953335212917;1.2500944152;0.00416861877257;61.0
681;0.465621320895;0.025576734724;0.1;3.39433446462;1.34452252719;0.00199520713761;100.0
682;0.628120875306;5.71807952632e-07;0.1;0.0204247387542;1.37887992366;0.00662854772835;37.0
683;0.533330668114;0.0249606117826;0.1;10.0;1.36111994856;0.00428960844976;100.0
684;0.466185515571;0.0222879024014;0.799570077058;4.77666325086;1.70946582194;0.00406009173924;38.0
685;0.481161427411;0.0265821580736;0.698276220133;7.36839772868;1.54151362229;0.00421535201561;31.0
686;0.587890797218;0.0411432123987;0.1;10.0;1.23552733617;0.00286433907959;32.0
687;0.460999502274;0.0332997225466;0.161271460681;10.0;1.45881984396;0.00309967058405;47.0
688;0.516963968392;3.96614444973e-06;0.1;10.0;1.20829637049;0.0014202017786;57.0
689;0.535116071341;0.0;0.1;1.95847945159;1.2293812062;0.00606613918443;44.0
690;0.466121294508;0.0457286685309;0.1;0.171468774596;1.47699702568;0.0124821800727;100.0
691;0.531510151989;0.0435091204431;0.152460372912;10.0;1.2287574261;0.00245593333341;36.0
692;0.62286845859;0.0;0.1;1.95760992829;1.26476469114;0.000439663219148;33.0
693;0.547188935405;0.091634902105;0.1;3.0088337964;1.13500184276;0.00539688657293;59.0
694;0.44413213113;0.00977853524067;0.1;0.849668577147;1.9301401103;0.00192330936854;100.0
695;0.378115417531;0.000270382079748;0.1;0.110452936905;1.13104092839;0.0040101113257;35.0
696;0.575048041632;0.0333057354271;0.354606981614;10.0;1.43931925976;0.0126474070164;38.0
697;0.546102627099;0.0332627696728;0.382812156201;10.0;1.20668231019;0.0104754238645;36.0
698;0.524909839012;0.0445637526692;0.199874363992;10.0;1.20427839563;0.00280356853293;39.0
699;0.534206816648;0.0444761443122;0.1;5.38463909428;1.28523842653;0.00520107401504;66.0
700;0.63926005809;0.0;0.1;1.42258218762;1.16410193968;0.00147408447591;54.0
701;0.562906104428;0.0187836322476;0.1;10.0;1.3931943619;0.00596426076018;95.0
702;0.507464329461;0.0330460112915;0.373036933508;10.0;1.27686126706;0.00368763040577;30.0
703;0.665124208674;0.0727579213632;0.1;10.0;1.20639861574;0.00664176843257;37.0
704;0.509609114414;0.0424772555148;1.50588985049;0.842937207982;1.39988107099;0.00804627756353;43.0
705;0.456854001565;0.0193543451773;2.34374145274;1.40442330817;1.83799823211;0.0166263813603;47.0
706;0.590772985914;0.0728524598591;0.432481162319;10.0;1.26111956973;0.00962583919399;37.0
707;0.352283078202;0.0485132889576;0.1;0.36146346202;1.15271417084;0.00838166837246;38.0
708;0.513019127666;0.0351891634291;0.1;10.0;1.36884989312;0.0123811734504;100.0
709;0.365644490911;0.0695364260507;0.1;0.383194207564;1.13632992709;0.00515433652596;38.0
710;0.548968951165;0.0561743246443;0.1;10.0;1.18935474144;0.00184062231505;54.0
711;0.468426615362;0.00815290950896;0.1;10.0;1.46047206905;0.00833465676898;100.0
712;0.423062294847;0.0200994855831;0.1;10.0;1.22516014933;0.00484347918597;35.0
713;0.501411403469;0.00863059116708;0.1;10.0;1.24650945499;0.00899284345737;41.0
714;0.406571776205;0.0405247474225;0.104454131923;10.0;1.34644500733;0.000373621134574;36.0
715;0.463162936984;0.0369466868595;0.465863005583;10.0;1.31162954088;0.00490630071674;33.0
716;0.426040612955;0.0354315446543;0.337224539016;10.0;1.30965063575;0.00448594242502;52.0
717;0.352826131873;0.0;0.1;3.80956995403;1.24296254308;0.00231561587138;100.0
718;0.362675739355;0.0;0.1;3.82754508254;1.24319505787;0.00224575512129;68.0
719;0.347564600535;0.0;0.1;1.21502119848;1.32493528303;0.00109254325215;38.0
720;0.907759516012;0.0452171702059;0.1;10.0;1.18786206225;0.0302788184558;32.0
721;0.591255192022;0.037872926758;0.1;10.0;1.22344973412;0.00389212580168;35.0
722;0.46651713359;0.0261519802936;0.1;10.0;1.16761750289;0.00759874651527;57.0
723;0.562164588145;0.042539223453;0.1;10.0;1.19093741934;0.0110634371386;37.0
724;0.570766138786;0.0272977824148;0.1;10.0;1.17993194309;0.0146595836078;35.0
725;0.405635402378;0.0;0.1;3.9981274149;1.1442668016;0.0042524244804;59.0
726;0.463595061162;0.0357997085305;0.1;10.0;1.25172744067;0.00152010342643;40.0
727;0.433019243831;0.0;0.1;4.07914360922;1.2104864118;0.00338752367581;54.0
728;0.459902769559;0.0;0.1;0.30465974002;1.2642133447;0.00272660198584;36.0
729;0.523261267497;0.0349492097065;0.1;10.0;1.13346538938;0.0178316163135;36.0
730;0.431039173705;0.0439390560864;0.1;10.0;1.25075288104;0.00199949732839;37.0
731;0.533660700776;0.0332680225773;0.1;10.0;1.16693565142;0.00791943672215;43.0
732;0.441870114596;0.0377554484573;0.1;10.0;1.19692584416;0.00283359589742;30.0
733;0.436336552823;0.0375960762953;0.1;10.0;1.23332563337;0.00213195304903;35.0
734;0.455336434844;0.0;0.1;1.08299550554;1.31612026912;0.00167118383465;45.0
735;0.416630889343;0.0707965320076;0.109438685773;10.0;1.21500263733;0.000130125883854;34.0
736;0.314465491833;0.0168326777255;1.18064429841;10.0;1.35319205488;0.00105299090428;41.0
737;0.330660553913;0.0;0.1;0.953900813143;1.21207329248;0.00233747366753;47.0
738;0.436833830393;0.00620482215566;0.1;1.78888092338;1.23442475622;0.000530849190299;100.0
739;0.935429038186;0.0563383308563;0.1;10.0;1.28455338297;0.040531457675;60.0
740;0.924331369414;0.101106810934;0.1;10.0;1.28054078098;0.056213120431;27.0
741;0.489306177128;0.0119437823281;0.1;10.0;1.21342788347;0.00805598145118;37.0
742;0.615863808293;0.0539633514713;0.1;10.0;1.17612293686;0.0132604753898;34.0
743;0.576996826491;5.68934564765e-06;0.1;3.98590826338;1.1754298762;0.00222623569517;83.0
744;0.601377652514;0.0757673664811;0.1;10.0;1.19032332452;0.00788290381403;32.0
745;0.575198356044;0.0703728235335;0.1;5.39073905322;1.21985352038;0.00293791363493;40.0
746;0.564976207715;0.0367006937565;0.1;8.36267003461;1.15611745109;0.00259739522122;45.0
747;0.382486234891;1.16353917097e-11;0.1;10.0;1.19510226697;0.00377038871524;90.0
748;0.48328402336;0.0;0.1;10.0;1.20570271381;0.00312076155081;48.0
749;0.424568632957;0.0;0.1;0.931516617463;1.41181072663;0.0038934591082;53.0
750;0.93092153833;0.0478075674572;0.1;10.0;1.30354543657;0.03287191076;40.0
751;0.882586272637;0.0588021082294;0.1;10.0;1.24781388485;0.0214549670514;33.0
752;0.595473473641;0.0680795318454;0.1;10.0;1.23484149762;0.0117449112304;28.0
753;0.554116559225;0.059349358858;0.1;8.11652996735;1.16413038701;0.00248509495989;39.0
754;0.536428295811;0.0598173742171;0.4566892011;10.0;1.18808881712;0.00489976293756;34.0
755;0.598144165376;1.97627663812e-06;0.1;10.0;1.17049506093;0.00639147705849;60.0
756;0.503469365387;0.0;0.1;2.93774159465;1.20747160652;0.00523411109466;58.0
757;0.56737047892;0.0;0.1;4.86098100179;1.17369035913;0.00464596209769;94.0
758;0.424606471611;0.0278387433949;0.1;8.66218211833;1.18238382963;0.00154287105903;100.0
759;0.464408068526;0.0;0.1;10.0;1.23579039617;0.00376417525533;43.0
760;0.47009696848;0.0;0.1;3.13722093213;1.21297132437;0.00137714760714;45.0
761;0.934142242051;0.0619248899459;0.1;10.0;1.30851296555;0.0314295194424;68.0
762;0.901052885849;0.117480965486;0.1;10.0;1.2333409627;0.0415202017998;30.0
763;0.927878623773;0.0996606795901;0.1;10.0;1.28025931376;0.0541510935883;27.0
764;0.675440344225;0.0412368459246;0.1;10.0;1.17583049756;0.0232930924724;35.0
765;0.565769036242;0.0521145730264;0.1;10.0;1.15136763286;0.00712177192417;42.0
766;0.650119438809;0.000137760212897;0.1;10.0;1.20803408442;0.00648949981197;43.0
767;0.512899005136;0.0589053973032;0.1;10.0;1.14866085796;0.00230449581505;43.0
768;0.641711190316;0.0;0.1;2.33209120114;1.2345277226;0.00161552347078;30.0
769;0.516467117601;0.0;0.1;3.92073531725;1.17565078465;0.0039043875344;70.0
770;0.57065315636;0.00133017478924;0.1;2.04847315159;1.22303670334;0.00261477456983;55.0
771;0.569312952586;0.0504919806072;0.1;10.0;1.17958657597;0.0040871486664;66.0
772;0.519602126152;0.0522109428081;0.1;8.79542129969;1.19936914487;0.000444235130813;100.0
773;0.924223858267;0.0499951833952;0.1;10.0;1.31162567652;0.0311964543493;57.0
774;0.916698652412;0.0600792516146;0.1;10.0;1.29233525984;0.0327565615394;50.0
775;0.572622003338;0.0;0.1;2.2074226268;1.18628972552;0.00150038115054;40.0
776;0.52180364346;0.0421057439011;0.1;10.0;1.14760675703;0.0101562575217;38.0
777;0.601389860578;0.0;0.1;10.0;1.16381426201;0.0074637884358;100.0
778;0.53073878858;0.0568657956755;0.1;5.13269999089;1.13322198529;0.00900786423588;36.0
779;0.482927796795;0.0;0.1;2.49287080594;1.18051703867;0.00351341182747;87.0
780;0.427421062436;0.0;0.1;0.805524705428;1.23888696769;0.00655662885258;49.0
781;0.388304197506;0.0;0.1;4.98692982798;1.14450694356;0.00291328287812;50.0
782;0.450385428866;0.0252512963342;0.1;7.52754549014;1.17476842638;0.00194250104416;100.0
783;0.376006272821;0.0;0.1;3.44131460934;1.24410726926;0.00162116430787;100.0
784;0.646800633003;0.0399491172718;0.1;10.0;1.26843143517;0.0166286771613;36.0
785;0.541737656084;0.0497390083158;0.1;10.0;1.32362536578;0.0278822908737;78.0
786;0.605081698805;0.0286805024751;0.1;10.0;1.29652834697;0.0117173686691;39.0
787;0.653770515824;0.0482629399119;0.1;10.0;1.21766175256;0.0087377876029;49.0
788;0.634616666561;0.0487072387017;0.1;10.0;1.23536739302;0.00563524617556;38.0
789;0.622873341949;0.0424867556332;0.1;10.0;1.2518975579;0.00393482546959;38.0
790;0.451790833131;0.0637722428862;0.1;1.12382250062;1.36663525895;0.000474182596345;52.0
791;0.395374865881;0.047378849659;0.1;3.30780848185;1.2434509532;0.00237724359523;100.0
792;0.455674423404;0.0;0.1;2.36164303736;1.26072531616;0.00419120362054;100.0
793;0.950812451332;0.0410208184322;0.1;10.0;1.38151796225;0.018838146217;36.0
794;0.943494458801;0.0394136791271;0.1;10.0;1.25792240195;0.0127885755503;38.0
795;0.941150389207;0.0462575548639;0.206816591832;7.53907204674;1.33026636638;0.00956953559516;36.0
796;0.578802242112;0.0501912419154;0.1;10.0;1.21524306939;0.0145987397166;33.0
797;0.455244838528;0.0;0.1;4.88340849174;1.19532165103;0.00100889634065;66.0
798;0.506417168425;0.0;0.1;6.016343445;1.18839168249;0.000544875292726;74.0
799;0.408442469596;0.0;0.1;6.15219530814;1.18441169843;0.00029954906328;44.0
800;0.503962643853;0.0336005928158;0.1;10.0;1.19845573789;0.00395647198184;41.0
801;0.435549756939;0.00207175234576;0.1;1.12523669672;1.20357119699;0.00185513496147;41.0
802;0.396921559641;0.0;0.1;4.77007009077;1.19281361525;0.00302180062236;100.0
803;0.359274809887;0.0;0.1;0.790226054487;1.2085540345;0.00380203524791;35.0
804;0.337309199798;0.0;0.1;1.1841976649;1.21843529496;0.00300824314944;38.0
805;0.899687656266;0.117903439087;0.1;10.0;1.26357653658;0.0375849166028;31.0
806;0.926384643666;0.0760456703538;0.1;10.0;1.27496790941;0.0190268943918;67.0
807;0.915510019626;0.0799347761661;0.1;10.0;1.27393921376;0.0249388838726;33.0
808;0.487766787636;0.0;0.1;0.0100833680399;1.70567899109;0.00812836896433;38.0
809;0.647298192473;0.0657055154285;0.1;9.94599855564;1.11523121588;0.0268754142119;100.0
810;0.562067559188;1.17150368825e-10;0.1;1.04876931733;1.14980048502;0.0283663435752;51.0
811;0.464439224351;0.0168855354289;1.90667689795;0.13938466068;1.63715740092;0.00145099485952;38.0
812;0.438223057039;0.0314574358489;0.1;10.0;1.20477297128;0.00492794330277;34.0
813;0.456062145886;0.0;0.1;0.339383776434;1.26095767593;0.0108632923;42.0
814;0.47138039701;0.0;0.1;0.215620613137;1.25242520317;0.0187371518976;33.0
815;0.423289368213;0.00746356436779;0.1;10.0;1.29188854213;0.00559796773465;61.0
816;0.458096644577;0.00530690616334;0.1;0.0808486692991;2.13247952661;0.00241313044497;100.0
817;0.922843287344;0.0534184401994;0.1;10.0;1.22056064002;0.0154570009713;42.0
818;0.438102386964;0.0223346011787;0.1;10.0;1.30611667277;0.00958079284784;34.0
819;0.448502229155;0.0365129549223;0.1;10.0;1.2145497534;0.00247807737825;36.0
820;0.511425452275;0.0;0.1;10.0;1.1710576809;0.00223093739323;37.0
821;0.397157853098;0.0152764058215;0.1;10.0;1.27306339015;0.00200169335606;47.0
822;0.396473769359;0.031655131855;0.1;10.0;1.34464055454;0.00356093677219;38.0
823;0.628033357363;0.0;0.1;0.530265749612;1.15749738247;0.024770729519;44.0
824;0.399288231416;0.0181598629244;0.1;10.0;1.34384377828;0.00189438112056;32.0
825;0.428857451343;0.0116243418333;0.201744754905;10.0;1.75192706636;0.00194961948108;35.0
826;0.386702278704;0.0197224299835;0.1;10.0;1.44166788741;0.00213390356507;41.0
827;0.467439874813;0.0187552817663;0.173890100117;10.0;1.40417300652;0.000750814981272;46.0
828;0.454081671109;0.00196216227307;0.1;1.54355259113;1.17021782573;0.0131964108984;33.0
829;0.433295361099;0.0156178730725;0.1;10.0;1.22029875649;0.00785370901026;36.0
830;0.446246617068;0.00760224318783;0.1;2.24639150668;1.69795535481;0.000578496965697;100.0
831;0.435768963095;0.0139110719228;1.39366341996;10.0;1.41556542573;0.0108496249027;49.0
832;0.452558854083;1.96641095498e-08;0.1;10.0;1.24647169097;0.00351056394892;49.0
833;0.420991226701;0.00375171021744;0.1;2.15686615774;1.7546515378;0.00055470156139;100.0
834;0.436530584757;0.00476826751751;0.69555586465;10.0;1.48861933296;0.00630900700622;38.0
835;0.455217405309;0.0;0.1;0.672771338389;1.22094147776;0.0145982288501;35.0
836;0.939287698982;0.0441343516703;0.1;10.0;1.36004295857;0.0480249667441;100.0
837;0.9449426179;0.0587631825577;0.1;10.0;1.38059661338;0.0449819886679;100.0
838;0.531755726433;0.021708970685;0.1;10.0;1.44284803842;0.037361771338;100.0
839;0.584441084341;0.0154000052439;0.1;10.0;1.18933546392;0.0223996336662;40.0
840;0.586196512701;0.0304715519536;0.1;10.0;1.15747981644;0.0205162548799;36.0
841;0.453154483428;0.0151486242706;0.1;10.0;1.28173789777;0.00344474223991;33.0
842;0.522092649094;0.0190469028447;1.37403666804;4.61599660325;1.49537188144;0.0306414023524;53.0
843;0.576880346117;0.0;0.1;2.50388829738;1.23018625149;0.00595605916604;50.0
844;0.47780005755;0.0;0.1;2.79437483163;1.23014920579;0.00426936281271;76.0
845;0.49439747829;0.000443498774684;0.1;2.46283485548;1.18197062591;0.0126595744111;43.0
846;0.426121186398;0.0;0.308313001437;1.52325640422;1.30837096174;0.00768351863779;40.0
847;0.825452996695;0.119552729329;0.1;10.0;1.31474840709;0.00982565246484;33.0
848;0.636991947123;0.0324909751504;0.1;10.0;1.27750762135;0.0146956141475;60.0
849;0.521943567849;0.047261768154;0.1;10.0;1.2089118032;0.00107013575363;37.0
850;0.507224806583;0.0346612951115;0.1;10.0;1.30301692438;0.0192776164063;38.0
851;0.530339387973;0.0468325119161;0.1;10.0;1.2959647941;0.00954191315797;38.0
852;0.389582609119;0.0502293890979;0.1;10.0;1.24291178225;0.0020999161354;46.0
853;0.515083836356;0.0;0.1;4.20312957686;1.25885484281;0.00108235016827;84.0
854;0.390443189231;0.0230800006309;0.1;2.52789236445;1.57632518729;0.00516848149489;100.0
855;0.382428691525;0.0110953109318;0.206728341399;10.0;1.88503846828;0.00227740334838;100.0
856;0.459219192118;0.0111328268232;0.160946160976;10.0;1.52662447117;0.0009097151086;44.0
857;0.916236554833;0.0515054482645;0.1;10.0;1.19603531454;0.0315759458105;36.0
858;0.527510552773;0.0774457563986;0.1;10.0;1.18739454993;0.00753103690549;32.0
859;0.585683248295;0.0244104189691;0.1;10.0;1.32724421921;0.0381891513179;85.0
860;0.535191220735;0.0602651053177;0.1;10.0;1.26505161178;0.0138636987751;41.0
861;0.409320858844;0.0199770599064;0.1;10.0;1.37592332315;0.00282811520572;45.0
862;0.525854830759;0.0402882553774;0.1;10.0;1.25984987638;0.0100176988006;33.0
863;0.435999658923;0.0530497420796;0.1;10.0;1.28838046719;0.00508045884305;40.0
864;0.37441380718;0.0112368617728;0.1;0.880684950004;2.20452802205;0.00185434620195;100.0
865;0.348441980872;0.0118697924203;0.1;10.0;1.45333989417;0.00119483875106;67.0
866;0.358589733795;0.0152272657287;0.121492769591;10.0;1.55721832551;0.00123615816176;100.0
867;0.472222136073;0.0218197341867;0.1;10.0;1.35584069728;0.00319310295922;91.0
868;0.483374157125;0.0243938788949;0.1;10.0;1.27069988827;0.00612157980384;33.0
869;0.492909977021;0.023131293237;0.1;10.0;1.65859105501;0.0243309477078;100.0
870;0.419027169116;0.00973941009106;0.1;10.0;1.45355567452;0.00465220010017;42.0
871;0.369916453996;0.0201260046575;0.349060683939;10.0;1.37663100224;0.00487426049583;37.0
872;0.444484700278;0.0199252052717;0.1;10.0;1.31952846923;0.00628772146331;41.0
873;0.394742335447;0.00679186559361;0.1;10.0;1.71009897381;0.000913165372495;31.0
874;0.433712808862;0.00576049585913;0.1;0.905906465991;2.26536603987;0.00379568751362;100.0
875;0.403506364954;0.00818793570669;0.177667446563;10.0;1.5105726094;0.000415214037823;36.0
876;0.512814965485;0.0145553795426;0.1;10.0;1.2693103691;0.00706338047094;41.0
877;0.450391921642;0.0305139549891;0.1;9.40671160322;1.30294207051;0.00210471822279;50.0
878;0.520265507439;0.039152985632;0.1;10.0;1.29014186972;0.00411500918448;34.0
879;0.524042160408;0.046172408718;0.1;6.3734637355;1.31089357285;0.003208875468;100.0
880;0.459716157251;0.0202364766665;0.1;2.48095420256;1.46562150871;0.00379056799633;100.0
881;0.461687611417;0.0232602653093;0.1;8.87445179746;1.27062461473;0.000685993455302;92.0
882;0.417739505038;0.00508479705699;0.1;0.858514353225;2.22404294899;0.00465847465416;100.0
883;0.430694221982;0.00782733048862;0.696409593139;7.89341367625;1.72303224979;0.00486053070607;43.0
884;0.400446995752;0.0221775480657;0.403206937329;10.0;1.40323056073;0.00630604234479;43.0
885;0.51161182495;0.0352651832394;0.1;10.0;1.25379980559;0.00230684903132;100.0
886;0.526409165396;0.0326592257961;0.1;10.0;1.37788810474;0.00495505432426;38.0
887;0.454885987904;0.0271808809811;0.1;9.63673462433;1.29099046098;0.00125859845518;54.0
888;0.426270533873;0.0268044455894;0.163390155088;10.0;1.31232266178;0.000325441177507;37.0
889;0.446543885172;0.0105435827397;0.1;5.96873999414;1.66635255856;0.000434092925549;100.0
890;0.435266855921;0.0216442965196;0.1;10.0;1.37092204487;0.0007511065745;48.0
891;0.416257148871;0.00810334824426;0.539570928394;10.0;1.56694761244;0.00637262113456;46.0
892;0.424265806995;0.0;0.1;10.0;1.28362984313;0.000982392509788;34.0
893;0.439943489857;0.00748064512298;0.626690667492;6.17011870044;1.76366353875;0.0065413971872;40.0
