;thetaS;b;AirEntry;resid;NrIter
0;0.908028575947;0.138151010999;4.70737842557;0.0121051199206;37.0
1;0.530772402052;0.1;4.53350457935;0.00285606993565;31.0
2;0.943332922925;0.162716210711;3.02756987289;0.0132854546326;34.0
3;0.718304547527;0.1;5.24201183578;0.0116050057866;43.0
4;0.894914829235;0.1;3.2906858619;0.0421395679436;100.0
5;0.687849940087;0.1;4.9689800385;0.036738586833;67.0
6;0.682539147565;0.1;5.5311114315;0.00723140191714;68.0
7;0.625548097433;2.59103721517;4.7063652052;0.0111111300807;22.0
8;0.583750551843;2.60279340541;4.35887622286;0.016964487786;25.0
9;0.868351844407;0.1;6.55435396043;0.0100306278548;23.0
10;0.5989261236;0.1;8.1171749699;0.00415658388901;36.0
11;0.645707147225;0.51243163113;5.96562540394;0.0115770927901;21.0
12;0.538260686271;0.406330543211;6.16842707229;0.0074179678304;24.0
13;0.940296033719;0.185383687596;2.53602156923;0.0513754703655;25.0
14;0.658625374877;0.144597789687;7.01581691376;0.00502405971709;29.0
15;0.934187040865;0.211786920166;2.80901920065;0.0399099820583;38.0
16;;1.0;4.0;;2.0
17;0.692440072241;0.1;5.6872036144;0.0122091022158;67.0
18;0.634402752185;1.07310871559;5.12605280399;0.038942609132;24.0
19;0.932636060623;0.116052474632;3.62308805861;0.0389492883779;28.0
20;0.940730725833;0.187792225515;3.43623540951;0.00297147357311;26.0
21;0.566062017282;0.186953688435;5.51230433732;0.00538893607207;29.0
22;0.592602417007;1.50784751487;5.11431939974;0.0202635354758;25.0
23;0.92142945954;0.102337223115;3.09429322107;0.0344300608795;31.0
24;0.575404600524;0.1;9.44434707844;0.0151903003884;40.0
25;0.673189280936;0.1;7.11507436854;0.0150045894523;50.0
26;0.688050583841;0.1;6.39760225638;0.0130885487374;31.0
27;0.922774620502;0.1;3.10707224247;0.0339071190109;100.0
28;0.605516329642;0.1;7.14496269543;0.00670703075781;39.0
29;0.822085143919;0.166373218495;6.89433350821;0.0171421507411;22.0
30;0.550560915174;0.1;5.3754639819;0.00406866985282;47.0
31;0.634657615135;0.1;4.94104985893;0.00578281332772;100.0
32;0.628887238547;1.96328023159;4.33753369228;0.0249346164179;25.0
33;0.718678870066;0.1;5.05159587172;0.0088718134003;64.0
34;0.925904494705;0.1;4.20631757111;0.0283431808905;100.0
35;0.62234088742;0.267914316805;5.8489445337;0.00704670122735;35.0
36;0.932220316067;0.1;3.96908594543;0.0269401904014;100.0
37;0.74316022745;0.109612683142;5.7035934782;0.0143758054687;22.0
38;0.534538691141;0.190321022897;6.56499889448;0.00490181285903;49.0
39;0.571905414415;0.155794325245;6.59655488103;0.00389422907598;34.0
40;0.931268534054;0.1;3.34803724289;0.0391086752907;100.0
41;0.571318477238;0.1;6.06011143653;0.00351616060587;35.0
42;0.952104601723;0.143068896581;2.5657228058;0.0525264742721;33.0
43;0.615310059324;0.988173964988;5.53425016212;0.0089727102487;24.0
44;0.510748494196;2.42479141109;5.2813553084;0.00963312521587;23.0
45;0.509060848302;0.422286112444;5.33936950932;0.000384581719296;20.0
46;0.474094721877;1.43182957182;4.61083341872;0.0118829193316;24.0
47;0.905476460945;0.1;2.87249558346;0.055190505755;100.0
48;0.888667214613;0.1;3.11206952544;0.0856813601752;100.0
49;0.503429251999;3.26931134338;3.46850872608;0.00916348000602;22.0
50;;1.0;4.0;0.0;2.0
51;0.649177230728;1.80873879915;5.67592177871;0.00354329312326;22.0
52;0.691080309209;1.6543771529;5.94660849349;0.0141428241404;24.0
53;0.926275079932;0.1;3.33019036218;0.0745525126362;100.0
54;0.919273269787;0.1;3.27349478304;0.0768249586311;100.0
55;0.651181610155;0.117684438952;6.78859741934;0.00499573872683;19.0
56;0.946989273037;0.114194391771;3.85557732311;0.0496908320991;24.0
57;0.484606387951;2.34385268134;4.30117024785;0.0185242491336;25.0
58;0.394214663423;1.86445739366;3.41073152577;0.00844442655673;25.0
59;0.802824890291;0.100856609138;5.34794147918;0.0120213076917;18.0
60;0.551962157811;0.124235809762;5.99311432618;0.0017796397915;29.0
61;0.704384277444;0.1;6.67246159567;0.021784035746;63.0
62;0.507690583623;0.1;7.10873779824;0.00211978760126;36.0
63;0.924803446945;0.1;5.05474754956;0.0348836336609;70.0
64;0.459923302583;1.29764011294;7.11686913417;0.0187045520794;24.0
65;0.537957998452;2.99107488221;5.12813073173;0.021711716784;25.0
66;0.89153850081;0.174104680224;7.56456636275;0.0185173727338;31.0
67;0.592702230804;0.447027619803;5.63673317067;0.00335656386085;18.0
68;0.538233320692;0.642909997491;3.52365563937;0.00592906475817;11.0
69;0.587475025681;0.1;5.31035899575;0.00897519587487;24.0
70;0.893563225646;0.1;4.0886225997;0.00931051059607;79.0
71;0.592748005578;0.1;5.47552245642;0.00318714100283;43.0
72;0.588815662402;0.1;5.31039978703;0.00558161783809;34.0
73;0.889187422065;0.1;3.67366719283;0.0213724295944;100.0
74;0.602805631438;0.1;4.15445010312;0.0142814430336;94.0
75;0.961551344011;0.110711374767;2.33577109269;0.0308334474117;27.0
76;0.489909462124;0.1;5.26492219778;0.00394932556024;77.0
77;0.658918117107;0.369366107402;5.59900582386;0.0115137832736;24.0
78;0.667860629415;1.66663958067;3.09825970083;0.0250323652019;23.0
79;0.889168652883;0.110146872551;4.82280880954;0.00529315210539;33.0
80;0.537752286528;1.80558764492;4.13043604048;0.00930895046288;22.0
81;0.745867787315;0.1;6.69249870941;0.0260629830025;34.0
82;0.931685521264;0.1;3.3903607401;0.0396656560118;100.0
83;0.637272215746;0.119368667215;8.04673214345;0.00819395894274;19.0
84;0.547761966959;8.78918096698;3.3484492602;0.000469309530722;21.0
85;0.909545150998;0.1;6.71174261894;0.0118096055182;36.0
86;0.543098387451;3.8982500604;3.8242580213;0.00778218634197;26.0
87;0.84724797659;0.1;4.24680049745;0.00858074689982;100.0
88;0.63530796519;1.48787864334;5.4116652715;0.0304928783826;24.0
89;0.519059970081;0.331781431169;5.89201719839;0.00581022090526;25.0
90;0.689699234936;1.69007094133;6.19032337544;0.0427367473933;23.0
91;0.672228724394;0.1;8.85989305716;0.0184896012317;41.0
92;;1.0;4.0;;2.0
93;0.556623447515;2.59269499391;4.62901229147;0.007819472594;22.0
94;;1.0;4.0;0.0;2.0
95;0.606307347716;0.132966126098;7.38560141021;0.000725893706354;13.0
96;0.617947193698;0.1;6.76081329693;0.00433076425884;41.0
97;0.48439307132;0.1;5.01407977885;0.00244931133116;91.0
98;0.85609008851;0.1;3.66703778507;0.0573403331189;100.0
99;0.896862208225;0.1;4.03663596572;0.0432951178968;100.0
100;0.604076597163;0.117060991318;4.9098702615;0.00491929567772;33.0
101;0.912187113553;0.1;3.64832751334;0.0353535328813;100.0
102;0.827550876282;0.1;5.56052215401;0.00934079609365;50.0
103;0.506545608656;0.1;3.6237656498;0.00177072631525;80.0
104;0.54588179452;0.1;3.99652729979;0.00332859683351;23.0
105;0.533919707674;0.141182617514;3.3639183918;0.00036292957091;12.0
106;0.496658838999;0.246472029238;3.13363381342;0.0103078529386;24.0
107;0.531895402858;0.125916490132;3.98843777015;0.00215522321832;65.0
108;0.532071428256;0.1;3.83474605074;0.00601361178149;100.0
109;0.731323690102;0.1;3.30467562541;0.0209922603742;100.0
110;0.737975836335;0.149705012802;6.60580820954;0.019023343954;30.0
111;0.729326582584;1.83411292021;6.57278985871;0.0403744553009;24.0
112;0.59777478726;0.1;5.4254063942;0.00823498547932;57.0
113;0.90498467478;0.1;3.88958563307;0.0359337956332;100.0
114;0.878531155725;0.1;7.3246238923;0.00865344236229;34.0
115;0.518462312998;0.1;3.76888117457;0.00191098551051;100.0
116;0.591262430873;0.1;3.06290513234;0.0636711113526;100.0
117;0.806323218709;0.137400465891;8.51104753495;0.0149988890754;17.0
118;0.45347189705;0.1;3.95062048377;0.00224690687032;100.0
119;0.583672335648;0.1;5.70441358967;0.0121481049129;67.0
120;0.622469239853;0.1;5.99246951437;0.0136066106171;26.0
121;0.756438150312;0.1;7.02795413341;0.0346519769064;43.0
122;0.722785567519;0.1;4.45413764967;0.0154242393174;100.0
123;0.693240476613;0.1;2.60730996989;0.0786508401669;100.0
124;0.751791017381;0.1;4.751251904;0.0206413303943;100.0
125;0.519194403169;7.61796833986;4.85073246589;0.0128437583079;23.0
126;0.543715662776;0.398013080386;5.74484725532;0.0157284915665;23.0
127;0.76214543287;0.1;4.59618785595;0.0139474235306;69.0
128;0.699705498853;0.575664513676;5.49346754975;0.0115557768335;24.0
129;0.687652413073;0.1;8.22906761485;0.00252921891979;38.0
130;0.685773385905;0.1;6.31195858996;0.0252027269507;70.0
131;0.686335129669;1.0218266346;3.09210306618;0.0510726979789;36.0
132;0.586294115683;0.163089419769;6.56909350703;0.015477337748;46.0
133;0.569129982897;0.1;4.90080901914;0.0212862198718;83.0
134;0.614552584697;0.1;5.18446498151;0.00720603138719;100.0
135;0.778301002255;0.381834943236;9.53900381166;0.00771140601559;21.0
136;0.680468925361;0.1;6.83447407977;0.0279645577527;36.0
137;0.875916795743;0.151275867207;7.71656518408;0.0276322661273;18.0
138;0.899691278283;0.1;6.92007906296;0.0752179014711;35.0
139;0.78411671852;0.1;6.62009565779;0.015644970579;24.0
140;0.729329326028;0.1;4.14983166446;0.0403911948933;100.0
141;0.623957895425;1.51649826026;3.69330712573;0.0257167078268;24.0
142;0.841687735409;1.41342118638;6.28865868218;0.0415834734522;24.0
143;;1.0;4.0;;2.0
144;0.722070437774;0.140693406011;7.28573074755;0.00505132009229;34.0
145;0.723807986243;0.1;6.78873918198;0.00534658845764;39.0
146;0.660346773438;0.1;8.55484710912;0.00410374985442;36.0
147;0.377832701662;20.0;5.16817711404;0.00718027380875;41.0
148;0.446311852068;20.0;6.14073642236;0.00500716306838;38.0
149;0.595611401552;1.92156008792;5.77151206114;0.0160278685956;25.0
150;;1.0;4.0;;2.0
151;0.879048486793;0.1;4.31665356004;0.0092854973237;100.0
152;0.679922150623;0.1;5.42985715734;0.0120311940882;36.0
153;0.536542037044;0.426542432543;5.26578543771;0.00439829853455;21.0
154;0.785663239278;0.1;7.4129861641;0.0305781883376;85.0
155;0.601302957103;1.39712501346;3.66473910843;0.00304337275668;22.0
156;;1.0;4.0;;2.0
157;0.447360249934;0.135034351863;5.90323529784;0.000686563007898;29.0
158;0.900532819957;0.115751520268;5.11259604851;0.0100769154074;39.0
159;0.90923770975;0.107619325177;5.19656037289;0.0158154928203;34.0
160;;1.0;4.0;;2.0
161;0.870688845233;0.117820400933;5.90877065927;0.0074053258712;34.0
162;0.621838901524;0.274221798167;10.0;0.00180588063414;33.0
163;0.903812112034;0.112307712208;4.69796080612;0.0269331232839;29.0
164;0.634591467721;0.440363942769;8.31546117061;0.00149127165228;21.0
165;0.889524381723;0.12192946661;4.78683414022;0.00552225699655;31.0
166;0.572608740373;0.1;4.9254608734;0.0029271101134;34.0
167;0.600554531562;0.139759954211;6.60413101079;0.00298330209623;28.0
168;0.892242797649;0.1;4.16873854997;0.0135496265585;100.0
169;0.519467709273;0.1;6.15742457738;0.00321152271552;40.0
170;0.586835759118;0.233324910818;6.91609319121;0.0154092077416;50.0
171;0.912177262809;0.1;3.96532924347;0.0194192409126;100.0
172;0.314682929123;20.0;5.49098433196;0.00322080989924;35.0
173;0.646430890644;0.1;6.923374392;0.0055066048119;21.0
174;0.904588522564;0.1;7.52544872698;0.0461302243944;38.0
175;0.549467042282;2.20103704639;4.14939894355;0.00268713476809;21.0
176;0.549001426716;1.17995631616;4.26308721436;0.00528615477602;22.0
177;0.768491049378;0.122105875299;7.8559145525;0.0121809175718;19.0
178;0.44159570462;2.73399369686;3.24502559464;0.00096250957521;20.0
179;0.873267024934;0.1;7.25163173819;0.0105066264138;33.0
180;0.835314716174;0.137434594919;6.88207814061;0.0358275738368;27.0
181;0.334649653737;2.67083843501;9.69696901492;0.00714524470019;22.0
182;0.60165130949;2.72442640174;4.64502382427;0.0287555276275;23.0
183;0.918294465677;0.1;6.15592353071;0.0223904257393;33.0
184;0.782751933079;0.353708897106;5.10623031382;0.0231206456792;25.0
185;0.809237986236;0.1;5.22622099528;0.00535835515761;81.0
186;0.590357586689;0.403646526193;5.12627978098;0.0195906378531;24.0
187;0.679934757042;0.1;5.3319585238;0.00638579608055;52.0
188;0.916503809175;0.1;4.06547646322;0.0134539720065;100.0
189;0.591976330762;0.1;5.74821783236;0.00302790886646;45.0
190;0.591563351832;0.339291771033;4.25447962074;0.015794939724;23.0
191;0.766738672801;0.146003431106;6.55432717362;0.0126797396548;29.0
192;0.487428489991;1.24833385563;2.94016655735;0.0219811294147;24.0
193;0.544177943269;0.1;5.07461555565;0.0266753844075;98.0
194;0.568984306662;1.75588944357;3.96796057921;0.00912040048875;25.0
195;0.685403171791;0.460699441446;4.6201641732;0.00151308285574;21.0
196;0.536150544862;1.05581281725;4.85681772941;0.0136414449681;25.0
197;0.483028835819;0.153134206013;7.60646015524;0.0104866147604;59.0
198;0.576227175269;1.04562302781;4.38698331653;0.00623887144183;24.0
199;0.566403877782;0.370357037122;4.86867287028;0.00791633360277;21.0
200;0.687472343969;0.46610053909;8.39819447132;0.020097562937;21.0
201;0.585231446976;0.502791097429;5.50870721875;0.01034444687;24.0
202;0.602413396299;0.192550266885;5.27755987666;0.00286156183461;23.0
203;0.500881125704;1.6638182416;4.3927439771;0.00789095776756;23.0
204;0.706194861117;0.41909565042;4.78117462428;0.00643520630879;22.0
205;0.495877950221;0.991945847447;4.00510680322;0.0257915111861;24.0
206;0.53089080496;1.64203616379;3.58573728069;0.00855769757301;28.0
207;0.934788775601;0.144322915119;4.6286205749;0.0149574857227;29.0
208;0.581319546806;2.59690379267;4.51998950216;0.00649717281381;28.0
209;0.706350265264;1.03802998244;6.3553944283;0.0340494267204;24.0
210;0.917798142028;0.1;5.01878984396;0.017414428773;82.0
211;;1.0;4.0;;2.0
212;0.909501234554;0.1;4.53195017069;0.0192127454834;100.0
213;0.724983584968;0.1;5.53761893632;0.00360498333528;29.0
214;0.640026635935;0.52348827048;4.36757877011;0.00329795911905;9.0
215;0.91610972307;0.156493512665;4.02539950296;0.0088924866477;25.0
216;0.542421591593;0.117121568763;5.98229554889;0.00238833655848;22.0
217;0.655932925777;0.1;5.14080966604;0.00564119614708;35.0
218;0.905009460023;0.1;4.32232101296;0.0189995430338;100.0
219;0.475973009733;0.126421568265;4.7370417276;0.00590177793583;69.0
220;0.543914723527;0.294496363542;5.29095907188;0.00240021540472;11.0
221;0.841364239764;0.147041070772;3.59942521915;0.018830992263;28.0
222;0.529034643425;0.261199169192;3.72894215702;0.00316963469267;9.0
223;0.619921982751;0.1;4.61912504705;0.0151572136384;75.0
224;0.902850717677;0.1;3.89570267225;0.0348332931875;100.0
225;0.552388337075;0.314442581319;4.76483291501;0.0115168188972;23.0
226;0.589715606344;0.308939886132;3.87552310735;0.000394999502414;9.0
227;0.926676190591;0.161592820887;3.80487913364;0.00892458078986;24.0
228;0.519324061174;0.1;3.76529623153;0.00850837183505;94.0
229;0.561367929528;0.255849252072;3.41627839661;0.0013136439999;9.0
230;0.669374191882;0.1;6.01917495828;0.00046537260126;22.0
231;0.642232630041;0.36784417608;5.37586265477;0.00358311160099;27.0
232;0.801742958539;0.1;5.78243163156;0.00639663882894;29.0
233;0.797659229543;0.1;6.24937401154;0.0108044137386;65.0
234;0.772159580909;0.1;7.10315651454;0.00735760145912;37.0
235;0.590507928716;0.20367461535;6.17741288698;0.00152772924655;20.0
236;0.751882680824;0.1;7.57056938509;0.00689415900176;38.0
237;0.698667899727;0.112593138814;8.09135624014;0.00856583618642;30.0
238;0.709909267117;0.150548314678;3.901861011;0.0130048574381;28.0
239;0.490360019984;0.110478792486;3.61630817813;0.00153250929162;30.0
240;0.628761467513;0.137231528123;3.84038158238;0.0037668155929;27.0
241;0.491609998696;0.1;3.97686304675;0.00413391181346;100.0
242;0.505526854809;0.162328934147;4.52085225504;0.00434572257505;35.0
243;0.465610047321;0.224287324589;3.76804057265;0.00472869338017;38.0
244;0.652537194;0.227394406712;3.71705746881;0.00194484689268;20.0
245;0.88767731092;0.1;3.74102270204;0.0358193342585;100.0
246;0.432805690691;0.1;2.63202145532;0.00841896321814;100.0
247;0.48249780077;0.1;3.68563889842;0.0019432185846;100.0
248;;1.0;4.0;;2.0
249;0.424258998891;0.205626623665;2.43916007096;0.00274687038413;34.0
250;;1.0;4.0;;2.0
251;0.915249551453;0.1;4.34057053823;0.0126888981447;81.0
252;;1.0;4.0;;2.0
253;0.458074199895;2.27256363648;4.30283272706;0.0164553495373;25.0
254;0.485789359227;0.170087434197;4.35128556957;0.00315935620451;44.0
255;0.631317758959;3.45413938728;4.10245168056;0.00601420225862;21.0
256;0.938976026427;0.115956789367;3.07788500153;0.0338829333796;25.0
257;0.919777159531;0.125796823694;6.66012614689;0.0434542924151;31.0
258;0.581462679915;2.80500921736;4.04711724978;0.00668163078729;21.0
259;0.92058090364;0.169135942317;7.10929635601;0.0445485167315;34.0
260;0.522041290967;0.136433153764;4.06426398917;0.00306464995896;34.0
261;0.927477582392;0.1;4.0154070048;0.0225764981319;100.0
262;0.345626684332;2.00890723676;4.01667236424;0.00952072930681;23.0
263;0.840725823736;0.18388516989;6.56353108018;0.0106041579815;27.0
264;0.410059813696;0.435421233927;3.65745207273;0.00359613272602;67.0
265;0.921547005357;0.1;4.50479105544;0.0231552371583;100.0
266;0.598501221235;7.72281444282;4.68428824012;0.0172026673838;25.0
267;0.932207886893;0.1;4.00772951754;0.0134583657263;100.0
268;0.576106708506;20.0;2.96625697866;0.00632536327085;28.0
269;0.518369951374;0.497760514651;4.82369668422;0.0127963902204;22.0
270;0.488890986028;0.623781473163;4.10061573892;0.00398082170918;21.0
271;0.544260799166;0.142283361868;5.91656344496;0.00210461776976;19.0
272;0.461325590316;0.409221335059;4.30063896737;0.00184936421398;19.0
273;0.800460505756;0.1;5.72710275339;0.00575106087772;49.0
274;0.866381262224;0.1;4.56203362297;0.0227418755797;100.0
275;0.928653669521;0.1;5.1642478771;0.018937467461;80.0
276;0.931192912906;0.1;4.77691880983;0.0227560420204;94.0
277;0.413985069624;0.139490023715;2.72582292454;0.00479032912286;21.0
278;0.63825593511;4.04184562645;5.35080926722;0.0245083038362;22.0
279;0.908606120554;0.1;4.32005198973;0.0446330139403;100.0
280;;1.0;4.0;;2.0
281;0.461123877418;1.29118306044;4.04359926794;0.0105364654383;25.0
282;0.423585166237;2.84570018756;4.70750534157;0.00189884874882;23.0
283;0.450694658853;3.16521597192;4.79285102715;0.000603424148449;19.0
284;0.44933354799;2.24661116798;4.58491196908;0.00942194822648;23.0
285;0.477693320555;0.148008443716;5.10537115056;0.00214672698599;21.0
286;0.94370333366;0.1;3.33393409434;0.0586404145729;100.0
287;0.933932462306;0.1;3.11980846585;0.0209505902052;100.0
288;0.418903976422;0.570272713491;1.40317709967;0.00534734663151;29.0
289;0.551653372687;0.1;4.37146390252;0.00125180135919;24.0
290;0.467347195391;0.607997191232;2.48491827755;0.00788322281994;29.0
291;0.521123186257;3.8457775287;4.08326905093;0.00225731537794;23.0
292;0.924385866722;0.1;4.01152623496;0.0265793153815;100.0
293;0.500513368739;0.1;3.59856209501;0.00256668500656;78.0
294;0.564934787224;0.143906709582;3.50108640876;0.00223231973871;20.0
295;0.434882235359;1.61766698264;3.35337179905;0.0115616765348;25.0
296;0.514546832729;0.102901058346;3.68835602258;0.000991235261525;34.0
297;0.500618316733;0.207020176195;3.66239367894;0.00706467935078;27.0
298;0.890267665771;0.330402612244;7.26552257586;0.0406054908419;21.0
299;0.575325926315;0.133284881736;5.15649400467;0.00374779894324;20.0
300;0.46308432173;0.193943252801;6.4122086719;0.00553548142583;23.0
301;0.929229405786;0.1;3.55497853782;0.0185119864321;100.0
302;0.435894657639;0.569281923025;2.16868769947;0.00319804596041;28.0
303;0.930653098394;0.142085200815;2.94971941785;0.0228503486764;27.0
304;0.892232602843;0.145158977692;3.7376292151;0.0257006438711;30.0
305;0.537183957487;0.129004515674;5.82662219473;0.00671295317475;30.0
306;0.614896425721;3.49305116158;5.79838524166;0.0110634486121;23.0
307;0.518948841196;0.178455795355;4.32230146561;0.00302083590509;19.0
308;0.461233758193;1.4718778382;5.52695048042;0.0110728135265;22.0
309;0.933168002983;0.1;3.82498037938;0.026612300135;100.0
310;0.478844588769;0.1;5.74667029409;0.00377133515058;34.0
311;0.520937618027;20.0;3.45789896205;0.00689264973516;30.0
312;0.492967872147;0.371688878839;4.19041519753;0.00737003007939;55.0
313;0.94384523596;0.1;3.27350311942;0.014843141757;100.0
314;0.494027787457;2.96145637746;3.13797112067;0.00483149178092;24.0
315;0.938801518474;0.141851145957;3.46757753879;0.0126891149641;29.0
316;0.926882662531;0.163474078389;3.69187010161;0.0446584846958;35.0
317;0.925784402764;0.1;4.25392216009;0.0234346117403;100.0
318;0.857173394442;0.1;6.1663538709;0.00934930769154;50.0
319;0.431085856562;0.164411481022;3.29490801157;0.00260600897204;34.0
320;0.44197948522;0.19144853852;2.76575072049;0.00238693417271;25.0
321;;1.0;4.0;;2.0
322;0.925179233425;0.447720055527;5.58633658244;0.0341651455481;21.0
323;0.456574708902;0.263594644922;2.78046486622;0.00444407560829;24.0
324;0.73793510385;0.103346472004;3.34126385841;0.0163425776509;30.0
325;0.935501815843;0.1;3.51781537811;0.0106302792831;100.0
326;0.510818706002;2.61770512447;5.21702343505;0.00328332191619;22.0
327;0.443168134439;0.182769065516;2.82753990788;0.00146043520426;26.0
328;0.48919644687;0.142640947098;5.25709173406;0.00246095989729;95.0
329;0.502208098247;0.110530439678;3.15516332257;0.00501111844398;30.0
330;0.871536729023;0.1;4.10405977752;0.0191732919684;100.0
331;0.40053962946;3.2537178946;4.32044408988;0.00837514591872;23.0
332;0.953451710192;0.1;3.06368391106;0.111715881556;100.0
333;0.928199201136;0.1;3.19267357347;0.0372311121738;100.0
334;0.945792856223;0.1;3.24549837962;0.0460877882258;100.0
335;0.604705157834;7.94834172619;4.65888067195;0.0241066846804;25.0
336;0.473546188255;0.19447765594;2.93537595935;0.00180607260263;21.0
337;0.919731903155;0.1;4.01026780956;0.0138889275942;87.0
338;0.461324733804;0.529821469521;2.23704919132;0.00470600275608;37.0
339;0.538125986193;0.1;3.17780121778;0.00208600017807;100.0
340;0.476875200645;0.224741777473;3.42318869886;0.00173949310824;20.0
341;0.68125632052;0.126256938611;5.34746647903;0.00399368131528;37.0
342;0.523142311889;1.66680318686;4.62505651929;0.0146820957896;25.0
343;0.553186915643;0.124165101182;4.60904142093;0.00287335501981;29.0
344;0.517211702472;0.566473347778;3.72217450694;0.00162964207471;22.0
345;0.579721379963;0.3641896857;4.23704739446;0.0116335171067;24.0
346;0.554758374411;3.15284372569;2.97213684229;0.0129032208911;30.0
347;0.511907842864;0.1;2.94180719429;0.00242031187232;100.0
348;0.487922100025;0.225954064293;4.5749096208;0.00296328737776;26.0
349;0.512117602437;0.238049673342;4.49207324508;0.00158078058621;26.0
350;0.598607391182;0.1;6.27480890215;0.0126055493895;87.0
351;0.501137214899;1.49638839073;3.4598575077;0.016258331929;25.0
352;0.632988667124;0.143213855629;10.0;0.00175311054283;40.0
353;0.46716951886;0.117908793866;4.89075058151;0.00182737295719;40.0
354;0.507890211351;0.11558479359;5.20760580801;0.00719198652836;29.0
355;0.589091330692;0.125380358836;4.07703310013;0.00523610425152;100.0
356;0.503869352576;0.1;5.59076698363;0.00197287833957;44.0
357;0.649771652577;0.127403622523;6.53364095052;0.00116589574911;43.0
358;0.616561885846;0.157625086459;9.08596747926;0.00389766305757;27.0
359;0.524782741618;0.1777903293;3.14344119645;0.00281475621413;37.0
360;0.532197851644;0.129965773444;5.39393727961;0.00185829517165;28.0
361;0.316494565345;2.16451963249;6.67301229609;0.00257374185164;22.0
362;0.657836968114;0.1;5.09696534958;0.00132063370084;38.0
363;0.463739807005;0.716368285737;3.31138253754;0.00337376949127;28.0
364;0.460852443811;0.25495622591;4.75355637066;0.00281411472815;27.0
365;0.463491331999;0.485257870362;4.32978809187;0.00765827738091;25.0
366;;1.0;4.0;;2.0
367;;1.0;4.0;;2.0
368;0.502007757013;0.497501811902;4.3859712353;0.00393761279085;41.0
369;;1.0;4.0;;2.0
370;0.529076754506;1.29803877583;3.30442709083;0.0164177743421;25.0
371;0.486687799888;1.29934722361;4.19972800448;0.00716590579223;30.0
372;0.538662277481;0.175379525073;4.43283440576;0.00152130526479;17.0
373;;1.0;4.0;;2.0
374;0.436708469479;3.16562229828;2.81401979848;0.00641655960256;29.0
375;0.553150718469;1.43109177189;3.07525914909;0.00755650635848;22.0
376;0.431750120254;1.95902393245;2.60184204986;0.00461440955289;22.0
377;0.46880887357;0.141919599881;5.91933776071;0.00431119672875;24.0
378;0.51751861917;0.1;3.49313815516;0.0014313815415;48.0
379;0.472980897064;0.163220840334;3.27747998749;0.000726293821201;33.0
380;0.466279454085;0.25800635124;2.81786424909;0.00672936540437;24.0
381;0.591198549027;2.16894368814;2.70717377393;0.0241778458054;26.0
382;0.432226957338;1.87782625351;5.46074613501;0.0020610107453;21.0
383;0.60846631251;0.1;5.56851486177;0.00345069070804;61.0
384;0.503813875751;0.342061506014;4.43962738005;0.002428222077;47.0
385;0.507818983876;0.502623178653;2.44034453606;0.0075071867866;24.0
386;0.513420029713;1.37793081367;2.74563469981;0.00842503027772;25.0
387;0.491395583643;1.86311115389;4.40397750474;0.00551442190734;24.0
388;0.497565912425;1.45733869871;3.54019633841;0.0119702365935;24.0
389;0.469648399064;0.520090888883;1.1844895462;0.00798351571772;27.0
390;0.413217714394;0.407208847983;3.53133169122;0.000375582760038;22.0
391;0.496727028084;1.06918750073;4.33427420076;0.00984113000194;24.0
392;0.574256903456;0.224753706138;4.78404559435;0.00139516702822;19.0
393;0.579615648635;1.25979960912;4.02987767105;0.00534416972416;22.0
394;0.46003208911;3.5799656794;3.32872452144;0.00210646127899;23.0
395;0.549000042774;0.207056099472;4.22396543133;0.00645275398322;81.0
396;0.453767571845;0.666186943053;1.52651179556;0.00550408926286;24.0
397;;1.0;4.0;;2.0
398;0.393980925419;0.645364894926;1.9484493371;0.00330416861059;29.0
399;0.437855892172;2.65894071652;3.5921896336;0.00489657229702;22.0
400;0.494295815951;2.46877368879;2.64270968549;0.0140512809071;29.0
401;0.525897702312;0.19617979904;4.59178180644;0.00722124101755;32.0
402;0.441496440219;0.217423141862;1.91786489297;0.00406732185203;22.0
403;0.450535970892;0.574410919989;2.38067928404;0.00470794851627;27.0
404;0.41799356423;0.226472798159;2.78677343181;0.00637345765868;24.0
405;0.407979078761;2.05774756937;3.93943554109;0.00908537246516;23.0
406;0.455449850465;0.804983762926;1.16895851691;0.00320648065096;28.0
407;0.539912854606;0.1;3.87650658475;0.00651882010257;64.0
408;0.541167127388;0.389230733445;3.10765096637;0.012698810886;31.0
409;0.480882865942;1.18020763384;5.57482516714;0.00595697831789;21.0
410;0.51028678931;0.1;3.74736075556;0.00102267000787;100.0
411;0.641834302532;0.154337606439;3.71458169257;0.00376302175829;57.0
412;0.543599197791;0.200947455306;8.81143937666;0.00337503629432;31.0
413;0.492079886875;2.69728196586;3.40261043031;0.0166630628032;25.0
414;0.359592387116;20.0;6.25837937239;0.00303963357536;34.0
415;0.48748974357;1.81730177505;2.21924729099;0.0107992754869;39.0
416;0.60142140338;0.122480197205;4.50777295845;0.0017101402392;34.0
417;0.622953723025;0.160164390203;6.4296083947;0.00488655668766;22.0
418;0.493543609465;0.1;5.97238668837;0.00246836494089;61.0
419;0.449614763601;0.672999388829;1.20291216688;0.0113679537276;27.0
420;0.493435754748;3.07730817219;2.83604932474;0.00760832090865;23.0
421;0.492993065944;0.640650458348;1.79172740912;0.00576542963794;29.0
422;0.445583849992;0.550900783838;2.65115031082;0.00439250821564;24.0
423;0.452743639626;0.741463284122;1.52184120733;0.00296277244171;27.0
424;0.444012913448;0.138510759208;4.57278715509;0.00105528379074;35.0
425;0.517084408342;0.109638809929;4.93519058549;0.00371817924845;45.0
426;0.489244987721;0.243623978442;10.0;0.00645434757673;23.0
427;0.548537526679;0.1;6.26020094287;0.00224355103096;63.0
428;0.640881632034;0.105456459281;6.15470220944;0.00153817536113;44.0
429;0.538885850763;1.47074541498;5.2798507917;0.0102392212401;24.0
430;0.526452333703;0.1;8.20523673784;0.00247582665026;68.0
431;0.640640184938;0.144501519846;5.57646471743;0.00107937116613;36.0
432;0.537345359464;0.81467323302;3.20922843885;0.000266316758218;26.0
433;0.48983217756;1.27571377441;2.45641192547;0.0196903227682;25.0
434;0.480071807915;1.07856951579;2.42923650864;0.0103990605082;26.0
435;0.461512793031;2.16889011034;1.96927725738;0.00828621200589;25.0
436;0.453204364968;1.36611047312;2.56541257502;0.0226771576794;25.0
437;0.461886889469;0.549118150566;3.40182407006;0.00156639114706;23.0
438;0.506041823498;0.151441910881;4.15571561245;0.00195785041925;30.0
439;0.443714834093;0.219184512648;5.07099423265;0.0041926987046;79.0
440;0.640712377249;0.1;8.83324866945;0.00122227664182;28.0
441;0.448825221891;0.1;5.80840314983;0.00444340729612;30.0
442;0.524397102233;0.769095522944;10.0;0.00590609818911;29.0
443;0.381220303208;1.45345993867;6.06068300101;0.00808615300579;24.0
444;0.472202028797;1.19898298646;4.39414718983;0.00792599168291;29.0
445;0.469328257334;1.23057840295;3.38035769757;0.00771648579858;24.0
446;0.45282453963;0.482826671539;5.45766849816;0.00211179344156;21.0
447;0.492031045061;0.657676967739;1.95180126454;0.00500200330136;22.0
448;0.574756722069;1.8509075699;2.56965705338;0.012076625933;25.0
449;0.325343211102;0.16795357102;10.0;0.00251913153116;30.0
450;0.475195070992;1.88053952616;6.58037250178;0.0037418977669;27.0
451;0.495339994351;0.123939980657;5.69190221583;0.000723243626843;31.0
452;0.487108857799;2.02411019626;1.80282255401;0.00739169649658;31.0
453;0.423125218759;0.136193123086;5.75559619423;0.00104495092009;29.0
454;0.542516659795;0.175702179026;5.31188682228;0.000719124627712;32.0
455;0.570741400025;1.84417321027;4.12949336802;0.0167349570157;24.0
456;0.572203870227;0.1;4.60026306406;0.00279316904007;52.0
457;0.533183000819;0.454779869601;2.67169737287;0.0102109899217;26.0
458;0.419377398458;0.755259440106;1.28992149359;0.000326598084202;22.0
459;0.418829938759;2.08518976845;3.74467408111;0.00708400927874;24.0
460;0.538323153334;0.171484010708;5.35397536732;0.00180233730767;83.0
461;0.519456941283;1.03458295758;2.89461639342;0.0259504794705;38.0
462;0.42088804135;0.160889085967;2.90028818919;0.0011843379426;31.0
463;0.489743132808;0.145967382949;6.55002107708;0.00157465574927;26.0
464;0.534673634727;0.177084483301;5.48238273408;0.00195710512096;31.0
465;0.445316927734;0.357335384965;1.95442060579;0.00129410430886;29.0
466;0.478283959272;0.1;3.72705743294;0.00297368795525;44.0
467;0.456338728003;0.407180511005;3.28317446755;0.00310521037907;21.0
468;0.397384488126;0.130815809182;3.66786607238;0.000166461055782;34.0
469;0.463973215778;1.73752331469;3.63034566694;0.00738921928;22.0
470;0.497996731435;0.120074236884;4.83422963658;0.00183115026278;32.0
471;0.463058195142;0.45068076751;3.81319406078;0.00455704540355;43.0
472;;1.0;4.0;;2.0
473;0.436631518891;0.59077525989;1.39207935029;0.00289484689349;28.0
474;0.443145510445;0.625990192577;3.97725261746;0.00946015118351;24.0
475;0.49955270705;0.755888217806;3.0191164817;0.00465882123641;23.0
476;0.477986474678;0.601806810926;1.72563874066;0.00641126898547;29.0
477;0.499691120897;4.46633787;2.81191745898;0.0038433115942;23.0
478;0.630364536988;0.561602238809;4.8880807692;0.00749374274844;21.0
479;0.474737681092;0.608161590109;2.03320892948;0.00890605641518;25.0
480;0.431280599201;1.13109712556;3.44164344273;0.00951127400056;27.0
481;0.455141064752;0.364782014591;4.98856612742;0.0141623181357;21.0
482;0.40718905811;0.174719173655;2.6117623616;0.000622169642905;30.0
483;0.53499098277;2.73385280552;2.16035121125;0.0237072044784;31.0
484;0.5820218237;0.142882218146;6.22389924432;0.00252070974596;20.0
485;0.612861752978;0.389160373604;3.82386530421;0.0052848358829;20.0
486;0.587112813161;1.88199564961;2.626433851;0.0167253514768;26.0
487;0.479487969919;1.99218550847;3.21570233649;0.0200933378596;25.0
488;0.422245312937;0.407880349493;1.53164832111;0.002399359357;36.0
489;0.41003632497;0.239783283898;2.46303023607;0.00407442018422;28.0
490;0.486219757194;0.11337039166;10.0;0.00169853598683;37.0
491;0.469452186918;0.241552038665;5.30645706467;0.00689386469542;33.0
492;0.465632755065;0.600583472922;2.02625443157;0.00809644752574;41.0
493;0.53978463463;0.1;4.16660080025;0.0032621000453;47.0
494;;1.0;4.0;;2.0
495;0.422458099024;0.409926740267;1.51488264342;0.0043424458216;37.0
496;0.427144694598;1.38109182747;3.84698861235;0.0121909920459;29.0
497;0.403343739088;0.509749905982;1.60103754825;0.00356864258471;27.0
498;0.421719037026;0.454104684576;3.94611491759;0.00316942523314;58.0
499;0.610274038023;0.123965965749;7.55475457525;0.00504163620057;25.0
500;0.3285342455;3.84414948998;10.0;0.00355878749791;82.0
501;0.545627862857;0.103242407682;3.6438751162;0.00327486832306;20.0
502;0.516819380791;1.40566105396;3.36445009046;0.021516169301;29.0
503;0.566296997405;0.104606984158;5.19052900981;0.00102478769879;28.0
504;0.495420596384;0.197382869814;3.72350832228;0.00219796601965;33.0
505;0.550416610052;0.117726475195;5.80117201221;0.000604985181904;32.0
506;0.443663042705;0.184071795;2.00947030491;0.00274622833097;39.0
507;0.424047558896;0.1;3.65991484843;0.00356280216408;100.0
508;0.390760147484;7.90154109803;10.0;0.00276430581029;81.0
509;0.504811720271;1.84614737168;4.22464160879;0.00545267885454;22.0
510;0.445855119214;0.278581615099;4.34615074718;0.00261059586721;100.0
511;0.503785045205;0.112846765399;5.00414894419;0.000815044131253;39.0
512;0.553620900337;0.203756841899;4.81340604932;0.00125264271936;28.0
513;0.542039400474;0.538253618695;3.2311408433;0.00222307596024;21.0
514;0.527347056646;0.490393404113;3.15167537028;0.00374116680293;20.0
515;0.749908973541;0.141414996435;6.99913057521;0.0116327766158;32.0
516;0.571393368791;0.167482935971;5.39389452951;0.00436283653324;20.0
517;0.495172666469;0.197774067261;4.44184239248;0.00310230380755;21.0
518;0.451499209919;0.601889794917;1.95646912679;0.00155035311526;22.0
519;0.493800578209;0.601268032169;3.25124792123;0.00306917199642;22.0
520;0.545664287928;0.1;7.4382730657;0.00482995675105;56.0
521;0.552064458046;0.378890195889;4.78471611328;0.00566123667527;21.0
522;0.574420842064;0.1;2.73191688434;0.0250361703255;100.0
523;0.515214834898;0.134718788301;4.21823495201;0.00414055676651;31.0
524;0.564448962722;0.189730804748;5.52247237384;0.00145069707551;27.0
525;0.439020133375;0.269527935139;0.88377399589;0.00300462359614;44.0
526;0.536611666851;0.1;3.32703317739;0.00756910934953;100.0
527;0.468417214316;0.201184548438;3.54189538249;0.00488091095138;29.0
528;0.56431408987;0.22571742107;4.91282361099;0.00354568438639;65.0
529;0.57060703745;0.1;2.82230093308;0.0229308756588;100.0
530;0.649641546008;0.1;6.57483293956;0.0115355086862;34.0
531;0.460326068942;0.406239612909;3.70944806406;0.000704810376009;19.0
532;0.403035705325;0.686555303668;1.13694893463;0.00148003736519;26.0
533;0.570302573708;0.103847236765;4.15927616476;0.0194474539898;30.0
534;0.415700744596;0.267324301834;0.971213832752;0.0041991741358;36.0
535;0.470877224719;2.14615800671;10.0;0.0116607383568;71.0
536;0.424517381953;2.8511441455;3.30999129428;0.00867363361422;25.0
537;0.478972295068;4.34310958532;2.79575039139;0.00546533065832;23.0
538;0.506233321522;2.68745662542;2.33552000532;0.0049357826162;29.0
539;0.618231145913;0.18775567255;3.68416278903;0.00301803880547;26.0
540;0.444111811075;0.219426629414;2.0397092573;0.000914168515081;41.0
541;0.481863175828;0.158783656892;3.2236011555;0.00668981524246;33.0
542;0.667815414298;0.1;4.45392947605;0.023747495235;100.0
543;0.389208596164;0.243667090858;4.7497909922;0.00150819331665;43.0
544;0.657775593788;0.1;5.11078097163;0.0185534290113;100.0
545;0.397734574412;0.600631346833;1.54028175049;0.00325069405101;24.0
546;0.568918228667;0.263352676121;4.78974052175;0.00101772731821;36.0
547;0.514891342693;0.1;7.29263072752;0.00344605370933;38.0
548;0.361482673097;3.97650518397;10.0;0.00330683978609;51.0
549;0.429757376751;1.68075978491;3.53761566548;0.00375172805861;22.0
550;0.612069961091;0.443226616805;4.99458281606;0.00256370161307;24.0
551;0.403863044868;0.441119761216;5.18219468153;0.00281667635616;22.0
552;0.47053710103;0.149359153133;2.43964491189;0.00322556612317;28.0
553;0.519273111452;0.608563077034;4.99358694863;0.00212269928964;23.0
554;0.585022084945;0.170318958421;6.32237256422;0.00233573308251;35.0
555;0.527924263011;1.35942630573;2.27975999047;0.016845511224;29.0
556;0.653512510033;0.170611579264;4.17077916861;0.00358082874255;37.0
557;0.543195463079;0.128989523705;4.23779717427;0.0105867362615;38.0
558;0.303259440754;2.0384950293;10.0;0.00460089122627;48.0
559;0.503566485309;1.74607114465;2.69712140871;0.015827904093;29.0
560;0.522271560491;0.567951938125;4.63561240974;0.000798593118063;20.0
561;0.423453135257;1.0025553515;3.71860047989;0.011541421393;27.0
562;0.471404990361;0.202609546056;5.06815202342;0.00128766271058;24.0
563;0.603767269425;1.02292847398;5.62545070163;0.0248449742549;24.0
564;0.489649889626;0.138871806381;7.03158744219;0.00248913619139;34.0
565;0.57464117818;0.386414862256;5.69427120432;0.0101742662964;23.0
566;0.550854493216;0.340471895446;4.13191004855;0.00251328074801;20.0
567;0.47193741346;0.200002309437;3.26213515448;0.00189059976048;46.0
568;0.532703431628;0.162218028457;6.31143522607;0.00258013905021;36.0
569;0.455983375595;0.106433807312;2.60624389525;0.000990661673787;29.0
570;0.449166413471;1.2066682761;2.88104035708;0.0205145594162;35.0
571;0.605201555276;0.295326010696;5.61409483106;0.00274371428229;30.0
572;0.518033365271;3.65124817871;3.09825006796;0.00314555044738;23.0
573;0.648555876416;0.149361104783;5.67206685369;0.00355716397941;28.0
574;0.499382517783;0.459005501667;2.29315898615;0.00369117386798;37.0
575;0.402645315756;1.03905074052;3.62241413348;0.00969692526727;27.0
576;0.759135563742;0.190204388622;6.18780358829;0.00191583531096;26.0
577;0.522245564406;0.144062042524;9.31817168733;0.00336183876922;35.0
578;0.551682632506;1.41539389447;3.15177051394;0.0203629270127;25.0
579;0.437720225855;0.613390626192;1.59623609644;0.00728582774062;37.0
580;0.463175948863;2.32253562262;3.24099575466;0.0101133232838;24.0
581;0.43159786821;0.18806195523;7.23052168052;0.00348351093045;23.0
582;0.517919684216;0.223822720319;4.93125660948;0.00176584019827;31.0
583;0.451010077133;0.568852748723;2.96086563571;0.00267084070628;25.0
584;0.391043072921;0.88079279404;1.13578077522;0.000803608890842;29.0
585;0.436321742918;0.6298163924;1.36562136958;0.00572166152379;31.0
586;0.497023343045;0.466249414387;2.86001274078;0.00126329541271;26.0
587;0.501582455337;0.749597964082;1.98400730759;0.00828592199752;45.0
588;0.510086447515;0.543363665888;2.58295141036;0.0155322013873;54.0
589;0.656877501865;0.1;7.49007833334;0.00340143286711;75.0
590;0.402879441184;20.0;8.02018689921;0.00173130447588;37.0
591;0.451683086588;5.03538594742;10.0;0.0172727158768;100.0
592;0.524825505271;0.320369301795;3.60723941424;0.0083023561699;23.0
593;0.473105966532;0.182783471516;4.29220960501;0.00174696938992;38.0
594;0.415486662914;0.151673025086;1.94755270628;0.00624951196801;31.0
595;0.731324093106;0.285657353749;4.46164033988;0.00592010148542;28.0
596;0.540289752371;1.91464849786;4.14694374022;0.00630613165906;21.0
597;0.441455689883;0.190463583358;5.16519130745;0.00416461197075;73.0
598;0.669309823137;0.155197809084;7.67422380851;0.0036467483049;31.0
599;0.442717917065;1.79030834526;10.0;0.00738384013675;100.0
600;0.42832177582;20.0;10.0;0.00533658446225;95.0
601;0.66900951369;1.32795732404;5.13867646699;0.00797088074898;24.0
602;0.579366173085;2.37446755704;4.47836179642;0.00589174563318;23.0
603;0.524889294811;1.88487480121;4.71987352169;0.00914529876787;22.0
604;0.623430901408;0.563389799027;10.0;0.00542448917192;39.0
605;0.394046612262;4.35899870964;10.0;0.00687777218277;85.0
606;0.401914641271;3.18589305397;10.0;0.0275266268058;100.0
607;0.537637403519;0.170671102383;4.57105531907;0.00166727868555;22.0
608;0.418056994843;0.161489884679;3.17628681905;7.43317683768e-05;31.0
609;0.316740121945;0.734510147567;1.44861740139;0.00285997316309;26.0
610;0.62228030044;0.419021548613;4.64835916131;0.00865231455136;22.0
611;0.542617609282;0.198650449864;3.51888676402;0.00555746744776;36.0
612;0.507699492047;0.409886463722;2.03568522704;0.006252189012;45.0
613;0.642556097338;0.475640791201;4.2281520601;0.0074498543927;22.0
614;0.530709453394;1.69816203676;3.53696696846;0.00399576757647;26.0
615;0.474641876767;0.460257329777;5.37103215815;0.00831370487728;25.0
616;0.532621697168;0.1;2.99675535907;0.0110994959969;100.0
617;0.423112246922;0.1;2.72147012865;0.0228705938906;100.0
618;0.397017034747;0.741892895903;1.21757376597;0.00233808687292;37.0
619;0.575297679516;0.112232917946;4.92636157086;0.00386787588279;70.0
620;0.460321637487;0.248066196204;2.9324222543;0.00270656433714;28.0
621;0.558221795158;0.237412780436;4.43782680436;0.00714527356537;70.0
622;0.573311204106;0.50722466488;4.36519877262;0.00407257169633;31.0
623;0.551203481266;1.74339203472;2.52187300047;0.00638219631218;32.0
624;0.664832533692;0.455735052457;4.2481546666;0.00905037053911;47.0
625;0.537155514453;1.12382412291;4.02151542005;0.00380879175485;27.0
626;0.441529427775;1.68032153365;3.8753666145;0.0123276976471;23.0
627;0.553581584544;0.317597514408;5.61624839974;0.00947758378796;21.0
628;0.555727371362;0.1;3.42725370078;0.00603041107476;100.0
629;0.465503630564;0.232397875771;3.6765435343;0.00256013431482;31.0
630;0.412975033774;0.31864928401;1.77445816094;0.00258040438122;28.0
631;0.636266884856;0.180721295227;10.0;0.00474483074089;32.0
632;0.594850593351;0.139896528153;6.83258117229;0.00633125789288;34.0
633;0.489523596456;0.71243173115;2.63841169588;0.00315371919564;27.0
634;0.538462870468;0.470683692972;3.98908803691;0.00379197750445;29.0
635;0.608818144083;0.102744071569;9.12179397394;0.0050217059163;43.0
636;0.489426602498;0.382632360408;4.85529160071;0.00475977908948;21.0
637;0.433567136373;0.22649311358;1.41682363149;0.00632529906379;42.0
638;0.586558062205;0.130259812792;5.56877938612;0.00174915475084;30.0
639;0.337918739849;2.92973268086;10.0;0.00583998424386;62.0
640;0.509194563696;0.7249702534;2.30761251957;0.00651265063533;25.0
641;0.351487457346;20.0;10.0;0.00281579832008;82.0
642;0.485554121923;0.76872581614;1.51100908023;0.00617240175969;39.0
643;0.503073079666;2.13087734566;6.85772609522;0.00787687696398;22.0
644;0.651730216795;0.157009615034;8.82841616144;0.00167796240387;33.0
645;0.321923714685;1.17512519285;5.04316631533;0.00549376490368;23.0
646;0.537852434083;0.262263204707;6.07310548591;0.00588521171559;30.0
647;0.517477159496;0.1;4.35333268061;0.00757189606106;97.0
648;0.472435715339;0.478333591997;2.05520989115;0.00452819583228;29.0
649;0.42063012503;1.00800299527;2.7160806193;0.00816173787202;28.0
650;0.394603837827;0.745533100322;10.0;0.0088328302703;37.0
651;0.550615350843;0.191005698943;4.00474147882;0.00174590930523;29.0
652;0.647925053222;0.103169819481;5.67217406424;0.00177674633689;26.0
653;0.400778275;2.79820410149;10.0;0.0022139169861;100.0
654;0.700303630315;0.330594844752;5.56818497389;0.00432982034677;20.0
655;0.539399376891;0.189046854228;4.97371235896;0.00548963407863;100.0
656;0.486309558051;1.77170273223;3.03708312597;0.0122158357959;23.0
657;0.50342712661;0.560139955099;10.0;0.00104559429651;26.0
658;0.555610691953;0.143173613751;3.63183937545;0.000933241373519;45.0
659;0.356691505813;3.70596777913;10.0;0.00467804825041;26.0
660;0.593033192862;0.134637321998;3.44742806881;0.00187564477684;27.0
661;0.618424549003;0.127623625489;8.97693629834;0.0036644268742;25.0
662;0.515031936025;2.01391513991;4.17090455828;0.0177670348009;25.0
663;0.584224702677;0.156603999096;5.37488474265;0.00364310959615;25.0
664;0.45698135061;1.50715951638;4.59926652352;0.0111723685522;26.0
665;0.505944309314;0.564740426408;3.12387429204;0.00258183755459;21.0
666;0.481555740823;1.83053348393;3.99335585172;0.00752202506741;23.0
667;0.634595168903;0.440735763943;5.74253880636;0.00921796403751;21.0
668;0.562682931838;1.20916926342;5.64907023271;0.00911699702511;23.0
669;0.591134857442;0.434434803089;5.77780534178;0.00297429828574;25.0
670;0.517179157593;0.454759353299;2.54362023877;0.00304556951073;41.0
671;0.528108634344;0.157950923552;9.00105629718;0.0063909574958;28.0
672;0.683099643855;1.51080431504;4.42584255622;0.0250777844567;24.0
673;0.613349674685;1.06692398012;4.14234572831;0.00433913263742;21.0
674;0.546557647013;0.208079764594;3.63712325174;0.00126483365086;19.0
675;0.496075516932;0.1;5.80276301748;0.00241758470972;100.0
676;0.564252539881;2.28131083401;4.77583138422;0.00374403152594;22.0
677;0.492714839355;0.2336654524;5.8458656781;0.00224343163856;36.0
678;0.417980526861;0.223999608024;1.73807339128;0.000667124731593;38.0
679;0.624474808362;0.240787065982;5.47238349504;0.00148374966339;26.0
680;0.48849180482;1.50902773094;3.50042215002;0.00944341686232;25.0
681;0.465638498764;0.200594297056;3.69819941401;0.00329324473989;36.0
682;0.628120875306;6.97796521164;5.35055851518;0.0181745886622;23.0
683;0.533330668114;0.119240551067;3.3166997073;0.00456252797348;19.0
684;0.466185515571;0.788596848654;1.62743296007;0.00491658864992;32.0
685;0.481161427411;0.665172887985;2.18159777271;0.00510792857732;27.0
686;0.588934785402;0.121003499935;5.06540063778;0.00221945779433;36.0
687;0.463788475727;0.152940916114;2.86515856598;0.00386595257379;27.0
688;0.516963968462;0.10011889179;5.53715026067;0.000712816348928;13.0
689;0.535116071341;0.477713552795;4.4799303288;0.0081048156908;21.0
690;0.466121294508;3.01954093028;3.25532459394;0.0145835079177;22.0
691;0.536317971191;0.164444293991;5.14443797346;0.0020420077258;30.0
692;0.62286845859;0.410876858333;4.07745804368;0.00258325443223;22.0
693;0.547188935405;1.30952611247;6.49145469212;0.0123064236614;23.0
694;0.44413213113;0.707950079266;1.44512841091;0.0031553596017;29.0
695;0.378115417531;2.79409004268;10.0;0.00520786547692;27.0
696;0.575048041632;0.193902602606;3.26163433658;0.00512634670432;22.0
697;0.546102627099;0.428641101035;5.16900755971;0.0105019530858;20.0
698;0.527036300791;0.208801857594;5.65446101382;0.00257419951656;43.0
699;0.534206816648;0.167363676769;4.40513974412;0.00559362084425;20.0
700;0.63926005809;1.01559180235;5.46153879095;0.00762244866291;24.0
701;0.562906104428;0.1;3.24293695734;0.00344403806802;100.0
702;0.507464329461;0.376558897558;4.09081210684;0.00369061470927;26.0
703;0.665671208108;0.106409835771;6.20764241339;0.00479923736615;27.0
704;0.509609114414;1.78123901679;3.08544967169;0.0081963493416;27.0
705;0.456854001565;1.68396672709;1.78215075728;0.0172038525206;58.0
706;0.590772985914;0.415843561106;4.67339983531;0.00964975001819;33.0
707;0.352283078202;2.4080334775;7.53414819102;0.010104227919;22.0
708;0.513019127666;0.1;3.70563797623;0.0111142217315;100.0
709;0.365644490911;2.39785202184;8.707238727;0.00654058137419;22.0
710;0.548968951165;0.109458039865;6.59606429543;0.00144436602179;27.0
711;0.468426615362;0.1;2.84476516791;0.00447422323019;100.0
712;0.423062294847;0.1;5.36969543169;0.00327605603308;37.0
713;0.501411403469;0.1;4.75640824172;0.00599246645923;35.0
714;0.40694489343;0.131192138367;3.62928083671;0.000425253826946;33.0
715;0.463162936984;0.262518090125;4.25288220196;0.00497974894394;27.0
716;0.426246199771;0.219379632204;4.28635305212;0.00267516995759;30.0
717;0.352826131873;1.06218027319;2.892343407;0.0122746560334;25.0
718;0.362675739355;0.190134943077;4.6269499935;0.00344284203156;60.0
719;0.347564600535;1.25487836915;2.65149010064;0.00561748088876;24.0
720;0.907759516012;0.1;6.37735668438;0.0267534933902;34.0
721;0.591255192022;0.1;5.51052454395;0.00244469441612;37.0
722;0.46651713359;0.1;7.11675563867;0.00743792195509;40.0
723;0.562164588145;0.1;6.4333346327;0.00722650345357;25.0
724;0.570766138786;0.1;6.60461223572;0.0122508563731;37.0
725;0.405635402378;0.392978040746;6.57020241578;0.0063187880362;21.0
726;0.463707368218;0.107430726655;4.93854483632;0.00095007372019;38.0
727;0.433019243831;0.402663818983;4.40743705586;0.0075965162663;38.0
728;0.459902769559;2.49939539384;4.03249836139;0.0045644714524;22.0
729;0.523261267497;0.101551682013;8.85000778159;0.0181345306237;26.0
730;0.431250075949;0.105851966368;5.17305062717;0.00137906252291;33.0
731;0.533660700776;0.104394923644;7.14082076033;0.00794937291868;18.0
732;0.442241837124;0.109902178445;6.22209712289;0.00222434874118;39.0
733;0.436336552837;0.100747630397;5.46367880313;0.00139607501203;15.0
734;0.455336434844;0.636220820282;3.57540466225;0.00325878699396;24.0
735;0.416630889343;0.152118223741;5.91796443182;0.000141335154581;33.0
736;0.314465491833;1.1370473118;3.09444768166;0.00105811839059;26.0
737;0.330660553913;1.54147280708;4.17428007617;0.00455145890033;23.0
738;0.436833830393;0.463643513764;4.63740412021;0.00192799350044;21.0
739;0.935429038186;0.1;4.47752285219;0.0311967341026;100.0
740;0.924331369414;0.1;4.8512421719;0.0383306969797;100.0
741;0.489306177128;0.1;5.50280190008;0.00653678271277;31.0
742;0.615863808293;0.1;7.03171142271;0.00920421229389;25.0
743;0.576996826491;0.338861305585;5.59325091953;0.00643768284134;22.0
744;0.601377652514;0.1;6.83062853974;0.00557434592746;29.0
745;0.575198356044;0.180865533332;5.69708318776;0.00343980627371;30.0
746;0.564976207715;0.156626449777;7.12217177249;0.00350983605252;41.0
747;0.382486234891;0.1;5.82798989328;0.00235732713709;24.0
748;0.48328402336;0.115037328307;5.35471679839;0.00296745794079;56.0
749;0.424568632957;1.83122283658;1.86484224592;0.00978526060116;30.0
750;0.93092153833;0.1;4.15244667409;0.0198216371748;100.0
751;0.885269667579;0.119466775294;4.83035150673;0.0188241056142;33.0
752;0.595473473641;0.1;5.5943777733;0.00731127142527;65.0
753;0.554116559225;0.195330709837;6.79119320609;0.00269417234968;13.0
754;0.536428295811;0.496039713256;5.97908131227;0.00491595017583;20.0
755;0.598144165376;0.1;6.66020403772;0.00550456562852;35.0
756;0.503469365387;0.432108184499;4.70037087448;0.00904742752396;27.0
757;0.56737047892;0.191064989164;6.23280188572;0.00632779272015;58.0
758;0.424606471611;0.149935100882;6.16535918108;0.00203404005593;21.0
759;0.464408068526;0.128675874829;4.54819226688;0.00413344025672;100.0
760;0.47009696848;0.372630902559;4.67865837744;0.00444833958722;21.0
761;0.934142242051;0.1;4.20403381111;0.0251900434957;100.0
762;0.901052885849;0.1;5.85003305215;0.0260506181793;97.0
763;0.927878623773;0.1;4.842073584;0.0376739221676;100.0
764;0.675440344225;0.1;6.84446942673;0.0187597713068;38.0
765;0.565769036242;0.107734547957;7.97872719335;0.00751674409469;19.0
766;0.650119438809;0.1;5.48085067386;0.00427699872329;35.0
767;0.512899005136;0.153025058413;7.72125976995;0.00290423437594;24.0
768;0.641711190355;0.362969543376;4.54452705221;0.0023522246021;72.0
769;0.516467117601;0.337477658457;5.58944523012;0.0075863213847;21.0
770;0.57065315636;0.499817073453;4.54467562606;0.00622675840955;21.0
771;0.569312952586;0.1;6.91678853541;0.00357012304922;41.0
772;0.519602126152;0.152572929599;5.86556311626;0.00075571145804;20.0
773;0.924223858267;0.1;4.10858647811;0.0243381364683;100.0
774;0.916698652412;0.1;4.39882538103;0.0191982877445;100.0
775;0.572622752637;0.38825669142;5.68926834575;0.00188964771355;22.0
776;0.52180364346;0.101137663966;8.18985769086;0.0102542993563;30.0
777;0.601389860578;0.142464244363;6.36196933362;0.00796555526992;34.0
778;0.53073878858;0.322564849172;7.94109517236;0.012566535254;22.0
779;0.482927796795;1.05282297337;4.42637358918;0.0123881701681;24.0
780;0.427421062436;2.05791143605;3.48006312116;0.0107357570034;24.0
781;0.388304197506;0.390320387435;6.35505195521;0.00539423433412;24.0
782;0.450385428866;0.328844329997;5.440619646;0.00623868338403;22.0
783;0.376006272821;0.194458430539;4.77429302065;0.00280704143382;68.0
784;0.646800633003;0.1;4.64246977028;0.00914433541717;66.0
785;0.541737656084;0.1;4.20187104532;0.0194163093764;100.0
786;0.605081698805;0.1;4.1990084309;0.00554830237599;85.0
787;0.653770515824;0.1;5.730378321;0.00448309016099;26.0
788;0.634616666561;0.1;5.32653511439;0.00340566563755;39.0
789;0.622873341949;0.1;4.96456105112;0.00192138188087;35.0
790;0.451790833131;0.558214599292;3.89777027018;0.00119176549644;21.0
791;0.395374865881;0.362551220147;4.74255082875;0.00443822101251;21.0
792;0.455674423404;0.447015717943;3.86261592004;0.0074800795213;44.0
793;0.950812451332;0.1;3.36182029622;0.0143718671096;100.0
794;0.945958573543;0.131229498964;4.37921377358;0.011413137447;28.0
795;0.941150389207;0.237062626465;3.45679560131;0.0102435326945;100.0
796;0.578802242112;0.1;5.88927857457;0.00851768520976;70.0
797;0.455244838528;0.31065211888;4.93975441937;0.00434713572887;21.0
798;0.506417168425;0.180682703112;5.64352704136;0.000908845409516;20.0
799;0.408442469596;0.180116367606;5.73538431145;0.00058206073926;20.0
800;0.503962643853;0.1;6.15136092103;0.00310917874211;36.0
801;0.435549756939;1.40015115875;4.34130633039;0.00653873563711;23.0
802;0.396921559641;0.353950424457;4.84179442381;0.0062918177232;21.0
803;0.359274809887;1.80963589896;4.25043427132;0.00644116731307;23.0
804;0.337309199798;1.52762304052;3.83198132764;0.0063541239697;23.0
805;0.899687656266;0.1;5.24501447222;0.0239043209078;100.0
806;0.926384643666;0.104441433938;4.65775299641;0.0176617901736;31.0
807;0.915510019626;0.1;4.78737937401;0.0142803027498;99.0
808;0.487766787636;20.0;3.4103959775;0.0242898345498;32.0
809;0.647298192473;0.157475577919;9.65866452066;0.0278982465368;15.0
810;0.562067559188;1.67906203474;5.7545749686;0.0355290684264;25.0
811;0.464439224351;3.89305231362;2.41514398642;0.0020326236731;24.0
812;0.438223057039;0.1;6.01120069257;0.00377972071406;35.0
813;0.456062145886;2.61221072718;3.85491805192;0.0138645347508;24.0
814;0.47138039701;2.67967623907;4.57507744111;0.0230808192337;22.0
815;0.423289368213;0.1;4.06139959007;0.00441715458641;27.0
816;0.458096644577;7.26300524092;1.28171280103;0.00239661606271;24.0
817;0.922857470605;0.101206129022;5.53942485621;0.0116936890243;33.0
818;0.438102386964;0.1;4.08801828075;0.00553521142016;78.0
819;0.448502229155;0.1;5.82527816194;0.00134214426194;36.0
820;0.511425452275;0.168425084079;5.9029811811;0.00232803127591;15.0
821;0.397157853098;0.1;4.4455392609;0.000837041640054;45.0
822;0.396473769359;0.1;3.8919058465;0.0020325172159;100.0
823;0.628033357363;1.81373983044;6.29997879968;0.0298089782035;23.0
824;0.399288231416;0.1;3.66688782293;0.000791062272372;100.0
825;0.431557162426;0.187673644114;1.65211765574;0.00254581304099;39.0
826;0.386702278704;0.1;2.93280074557;0.0011624615829;35.0
827;0.468296670112;0.186098860958;2.83508164219;0.000856334081156;25.0
828;0.454081671109;0.525840157337;6.22254633572;0.0146892588418;22.0
829;0.433295361099;0.1;5.38499517929;0.00566457706293;38.0
830;0.446246617068;0.402139362157;1.55673420809;0.00481495424312;38.0
831;0.435768963095;1.29583823604;2.61506644997;0.0108983160534;29.0
832;0.452558854083;0.130562088607;4.35268978372;0.00355043072447;25.0
833;0.420991226701;0.443593986862;1.35146852134;0.00453439642094;27.0
834;0.436530584757;0.695072338882;2.11961609577;0.00634314533208;26.0
835;0.455217405309;1.50155718749;4.42849126336;0.017690048682;23.0
836;0.939287698982;0.1;3.72208490037;0.0338099400787;100.0
837;0.9449426179;0.1;3.57229112181;0.0351428580639;100.0
838;0.531755726433;0.1;2.98164991072;0.0268672921034;100.0
839;0.584441084341;0.1;6.15231047281;0.0186781503206;41.0
840;0.586196512701;0.1;7.52669419328;0.0196378426595;32.0
841;0.453154483428;0.1;4.31369402164;0.00152812816521;30.0
842;0.522092649094;1.28794620785;2.24238255087;0.0307582131618;29.0
843;0.576880346117;1.03115122043;3.40116103486;0.0228524397831;35.0
844;0.47780005755;0.427767432406;4.2528118943;0.00785915130586;52.0
845;0.49439747829;0.455502902704;5.47058459395;0.016185746615;25.0
846;0.426121186398;0.582568654844;3.58430032433;0.00786558328192;34.0
847;0.825452996695;0.1;4.56665930367;0.00737848750432;97.0
848;0.636991947123;0.1;4.44966911272;0.00735313703508;85.0
849;0.521943567849;0.122937995258;5.76216105217;0.000963895240232;29.0
850;0.507224806583;0.1;4.26424739095;0.012428245614;100.0
851;0.530339387973;0.1;4.50701888332;0.00648082958083;100.0
852;0.389582609119;0.1;5.56930377253;0.0011527457396;25.0
853;0.515083836356;0.319064378922;3.7691166784;0.00625690504684;21.0
854;0.390443189231;0.129026067754;3.21482938718;0.00270838626734;26.0
855;0.384918271313;0.183944226003;1.50626489508;0.00312530883176;37.0
856;0.459930809524;0.173990481311;2.14553649027;0.0010768545772;28.0
857;0.916763460813;0.106735446839;6.089612332;0.0283387546169;29.0
858;0.527510552773;0.1;7.10509467269;0.00349429889663;64.0
859;0.585683248295;0.1;3.85592396252;0.0261404525283;100.0
860;0.535191220735;0.1;5.11601102952;0.00797574395321;81.0
861;0.409320858844;0.1;3.42505602051;0.000993385705025;100.0
862;0.525854830759;0.1;4.90982289067;0.00579009439111;50.0
863;0.435999658923;0.1;4.80543517376;0.00313049027489;92.0
864;0.37441380718;0.710128139342;1.19588877452;0.00269506708192;37.0
865;0.348441980872;0.1;2.82742647904;0.000558132157489;100.0
866;0.359540545619;0.129462853355;2.25613375362;0.0015401364594;32.0
867;0.472222136073;0.1;3.57048161532;0.00117203397682;100.0
868;0.483374157125;0.1;4.55334718175;0.00320722327305;54.0
869;0.492909977021;0.1;2.37256354125;0.0196553546805;100.0
870;0.419027169116;0.113667710714;2.59776876676;0.00472450860771;19.0
871;0.369916453996;0.203614829855;3.55052982281;0.00219787159793;27.0
872;0.444484700278;0.1;3.86743455927;0.0038441632989;100.0
873;0.394742335447;0.1;1.84598628819;0.000450129554879;100.0
874;0.433712808862;0.746395688787;0.993375020439;0.00493008625249;59.0
875;0.405492595706;0.185337633291;2.20059487541;0.000432003848975;26.0
876;0.512814965485;0.1;4.45167411331;0.00398435969101;28.0
877;0.450391921642;0.134268588842;3.9191017135;0.00229527420565;26.0
878;0.520265507439;0.108984080954;4.32662460291;0.00400411008498;24.0
879;0.524042160408;0.146814049158;4.06767401355;0.00356432450797;23.0
880;0.460759060626;0.22170947561;2.93830742736;0.00651400203209;33.0
881;0.461687611417;0.145649219939;4.17558027789;0.000876380374482;18.0
882;0.417739505038;0.76574831151;1.03471333739;0.00568688902223;26.0
883;0.430694221982;0.692007658006;1.47432685376;0.00502382254324;26.0
884;0.401001279002;0.209171193381;3.48329865644;0.00361616588389;26.0
885;0.51161182495;0.130327747716;4.6133211877;0.00256116378159;20.0
886;0.526409165396;0.1;3.49325547043;0.00261107927457;100.0
887;0.454885987904;0.135997701376;3.98042550429;0.00144847437628;24.0
888;0.427543872014;0.180266088004;3.7175230983;0.000311672431481;37.0
889;0.446543885172;0.156831255835;1.76629906218;0.000622900819274;27.0
890;0.435743775538;0.125181805096;3.19350385039;0.000799658590673;23.0
891;0.417427625895;0.249975636204;2.56708242026;0.00671111321757;24.0
892;0.424265806995;0.138156260019;3.71734220904;0.00104626129212;23.0
893;0.439943489857;0.62808822963;1.40100767465;0.00667275037997;25.0
