;thetaS;thetaR;alpha;n;AirEntry;resid;NrIter
0;0.907290255657;0.0451831494062;0.108887431203;10.0;1.25082461912;0.0125109227461;44.0
1;0.530772402052;0.0302226292907;0.1;10.0;1.28681791236;0.00512085113689;44.0
2;0.937115391411;0.0198112748537;0.159850590643;10.0;1.38280353817;0.0145527595718;39.0
3;0.718304547527;0.0;0.1;10.0;1.21747202426;0.0146433051135;100.0
4;0.894914829235;0.0842161811786;0.1;6.29949778178;1.41713538716;0.0666004253633;100.0
5;0.687849940087;0.0183304012347;0.1;10.0;1.24036934845;0.0497524037851;44.0
6;0.682539147565;2.88081789455e-07;0.1;10.0;1.2058227128;0.0103002255742;43.0
7;0.625548097433;0.0;0.1;0.290321868199;1.22699580827;0.00697545244495;32.0
8;0.583750551843;0.0;0.1;0.36554347186;1.22676111411;0.0126190725848;71.0
9;0.868351844407;0.0722802406556;0.1;10.0;1.20213382561;0.014708538182;41.0
10;0.5989261236;0.0;0.1;10.0;1.13922016964;0.00533274596778;36.0
11;0.645707147225;0.0;0.1;2.04868126475;1.1684897996;0.00784402433362;55.0
12;0.538260686271;0.0;0.1;3.57142516013;1.15565402996;0.00353631867076;47.0
13;0.94115267851;0.0299113452141;0.202631446595;10.0;1.51189874039;0.0481705450747;34.0
14;0.658625374877;0.0;0.1;9.52166412355;1.14903249472;0.0041689117777;100.0
15;0.939741934878;0.0370784621081;0.219518542504;10.0;1.44083376013;0.0370659216452;32.0
16;;;1.0;1.0;1.5;;2.0
17;0.692440072241;0.0;0.1;10.0;1.19946226462;0.0122786662547;44.0
18;0.634402752185;0.0;0.1;4.16995528624;1.14214500163;0.0218829914857;100.0
19;0.929858556199;0.0440590052828;0.109362304322;10.0;1.35697674795;0.0385619970335;65.0
20;0.934803666472;0.0337430807342;0.184176374268;10.0;1.33995314776;0.00295511837276;33.0
21;0.566062017282;0.0;0.1;4.91402699788;1.19485977449;0.00393766447928;50.0
22;0.592602417007;0.0;0.1;0.924142193646;1.17716002197;0.0142229178335;52.0
23;0.921190790801;0.03364466976;0.1;10.0;1.4246472933;0.0338709988662;92.0
24;0.575404600524;0.0;0.1;10.0;1.11839014992;0.0157637329822;42.0
25;0.673189280936;0.0666316318808;0.1;10.0;1.190892207;0.02097644943;39.0
26;0.688050583841;0.0537848867982;0.1;10.0;1.20496543471;0.0193953643098;36.0
27;0.922774620502;0.0363973952533;0.1;10.0;1.43766618395;0.0343664755042;100.0
28;0.605516329642;0.0;0.1;10.0;1.15832632703;0.00886186626384;43.0
29;0.822085143919;0.0;0.1;7.95788433484;1.15011502218;0.0157896765439;56.0
30;0.550560915174;0.0396071894634;0.1;10.0;1.24698378877;0.00731080834501;37.0
31;0.634657615135;0.0454648915143;0.1;10.0;1.27393382632;0.00932703941565;51.0
32;0.628887238547;0.0;0.1;0.727890720372;1.20162690988;0.0158545433197;100.0
33;0.718678870066;0.0460228000193;0.1;10.0;1.25812293427;0.0156588805221;41.0
34;0.925904494705;0.0387356175826;0.1;10.0;1.30420080388;0.0330553313964;74.0
35;0.622318223068;0.0;0.1;3.49487850104;1.1804064657;0.00612964029469;45.0
36;0.932220316067;0.0423971699541;0.1;10.0;1.33327067512;0.0359798854635;42.0
37;0.74316022745;0.0;0.1;10.0;1.19465018449;0.014045818794;100.0
38;0.534429056953;0.0;0.1;5.86337346263;1.1593678054;0.00469159645241;46.0
39;0.571905414415;0.0;0.1;7.25649856751;1.16286828545;0.00319499954937;49.0
40;0.931268534054;0.0414304812786;0.1;10.0;1.40956014299;0.0403976168458;100.0
41;0.571318477238;0.0693396030438;0.1;10.0;1.23856630852;0.00411682214723;38.0
42;0.941983499463;0.0392944692433;0.187818349779;10.0;1.57625917983;0.0437754087899;32.0
43;0.615310059324;0.0;0.1;1.36918950017;1.16900363367;0.00214561812678;52.0
44;0.510748494196;0.0;0.1;0.376699779333;1.19047909443;0.00667589063841;45.0
45;0.509218095137;0.0;0.210821837564;2.32137296721;1.20327978918;0.000127814516435;22.0
46;0.474094721877;0.0;0.1;1.53052687185;1.17664746746;0.00564463863889;45.0
47;0.905476460945;0.0597291962801;0.1;10.0;1.70789774833;0.0314296559874;100.0
48;0.888667214613;0.0869583693595;0.1;3.57915584968;1.32782187325;0.267677095741;100.0
49;0.503429251999;0.0;0.1;0.202325379284;1.32551093497;0.00659715456515;80.0
50;;;1.0;1.0;1.5;0.0;2.0
51;0.649177230728;0.0;0.1;0.514338888312;1.17786730369;0.00122134377819;66.0
52;0.691080309209;0.0;0.1;0.896498357961;1.15085502721;0.00750297412754;40.0
53;0.926275079932;0.0607618594468;0.1;10.0;1.44553768542;0.086704392578;100.0
54;0.919273269787;0.050551409035;0.1;10.0;1.44502713752;0.0922959483211;100.0
55;0.651181610155;0.0;0.1;10.0;1.16082275723;0.00472212021397;38.0
56;0.942966320708;0.0453502120296;0.111082025029;10.0;1.33700992286;0.0497904141877;92.0
57;0.484606387951;0.0;0.1;0.404242820678;1.22976843062;0.0146641370129;35.0
58;0.394214663423;0.0;0.1;0.887073009832;1.24620214885;0.00409919485301;37.0
59;0.802824890291;0.0637974889117;0.1;10.0;1.25204937608;0.0135708591728;32.0
60;0.551962157811;0.0;0.1;10.0;1.18096584582;0.00178257497793;49.0
61;0.704384277444;0.0646475677605;0.1;10.0;1.20305305177;0.0302124426886;34.0
62;0.507690583623;0.0;0.1;10.0;1.1594445147;0.00308719731621;34.0
63;0.924803446945;0.0470449566005;0.1;10.0;1.25255974575;0.0455089394123;89.0
64;0.459923302583;0.0;0.1;2.13304708226;1.09938505173;0.0142065865343;100.0
65;0.537957998452;0.0;0.1;0.177659743354;1.23319757944;0.0163331382694;33.0
66;0.889170923717;0.0;0.1303296269;10.0;1.1363530808;0.0188107047015;30.0
67;0.592701368818;0.0451811835391;1.12494108334;10.0;1.26428132187;0.0111499393797;60.0
68;0.538233320692;0.0;0.436107394907;1.74604227063;1.30633945326;0.00564960201014;37.0
69;0.587475025681;0.0211241728572;0.1;10.0;1.22975945498;0.0133581141555;40.0
70;0.893563225646;0.0300209734073;0.1;10.0;1.30689338552;0.01290229928;100.0
71;0.592748005578;0.0544672891969;0.1;10.0;1.25146472088;0.00566918624397;42.0
72;0.588815662402;1.0389874372e-05;0.1;10.0;1.21517130459;0.00793087903252;39.0
73;0.889187422065;0.0449188210379;0.1;10.0;1.36587016358;0.0224153959383;80.0
74;0.602805631438;0.0162832080505;0.1;10.0;1.29759153181;0.0220803458144;64.0
75;0.960247434832;0.0117869568723;0.1;10.0;1.52139931279;0.0319343625899;100.0
76;0.489909462124;0.0406061726307;0.1;10.0;1.25562577465;0.00567583172855;37.0
77;0.658918117107;0.0;0.1;3.68888791188;1.1739177853;0.00535713593795;47.0
78;0.667860629415;0.0;0.1;1.2806214423;1.25232710599;0.00870354404324;52.0
79;0.888494650403;0.0705897371838;0.1;10.0;1.27527509279;0.00420332364206;36.0
80;0.537752286528;0.0;0.1;0.645545185891;1.227473523;0.00449625916495;32.0
81;0.745867787315;0.0;0.1;10.0;1.16867741639;0.0319686015156;38.0
82;0.931685521264;0.0440843375558;0.1;10.0;1.41585261554;0.0428650324711;100.0
83;0.637272215746;0.0;0.1;10.0;1.13509506029;0.00771355082755;43.0
84;0.547761966959;0.0587749218411;7.52843807937;0.0808308173907;1.48292421335;0.000143044897289;62.0
85;0.909545150998;0.0107756516166;0.1;10.0;1.17284233335;0.0152474474406;50.0
86;0.543098387451;0.0669486537742;0.1;0.0978909433637;1.51164295753;0.00485079851751;83.0
87;0.84724797659;0.06999065207;0.1;10.0;1.33433187614;0.0097162229232;80.0
88;0.63530796519;0.0;0.1;3.01575524209;1.13103889484;0.0175847833097;100.0
89;0.519059970081;0.0747773191327;1.56235160652;10.0;1.3482564771;0.0138540682777;100.0
90;0.689699234936;0.0;0.1;0.569672882912;1.1605230917;0.0363571052521;32.0
91;0.672228724394;0.0;0.1;10.0;1.12653243732;0.0200185711136;37.0
92;;;1.0;1.0;1.5;;2.0
93;0.556623447515;0.000562856843807;0.1;0.307582386928;1.22641460566;0.00467153884603;36.0
94;;;1.0;1.0;1.5;0.0;2.0
95;0.606307347716;0.0421841957394;0.1;10.0;1.16193413092;0.000815621036955;64.0
96;0.617947193698;0.0377041726918;0.1;10.0;1.18654420591;0.00661545518095;48.0
97;0.48439307132;0.0324180801599;0.1;10.0;1.26335494796;0.00397835633713;100.0
98;0.85609008851;0.0811521898344;0.1;10.0;1.44297248385;0.0539322684858;100.0
99;0.896862208225;0.0584451430799;0.1;10.0;1.34344533722;0.0420587825677;81.0
100;0.604076597163;0.0421242936144;0.301708712468;10.0;1.31199640327;0.0204679006496;36.0
101;0.912187113553;0.0366659699329;0.1;10.0;1.4011547882;0.03909813154;100.0
102;0.827550876282;0.074461079869;0.1;10.0;1.24697662455;0.0118027926593;36.0
103;0.506545608656;0.0214077539141;0.1;10.0;1.3596883624;0.00402059635654;92.0
104;0.54588179452;2.25154130872e-11;0.1;10.0;1.29006363858;0.00589371009845;100.0
105;0.53391970764;0.0;0.1;10.0;1.31158889902;0.000401454652866;37.0
106;0.495276980149;0.0283359119615;0.593744771721;10.0;1.54203098157;0.00786821215003;96.0
107;0.531895402858;0.0;0.1;10.0;1.2725239522;0.00187035740094;87.0
108;0.532071428256;0.0180430557317;0.1;10.0;1.33370934188;0.00897310183851;100.0
109;0.731323690102;0.0272373094415;0.1;10.0;1.40899838561;0.0279996256871;100.0
110;0.737975836335;0.0;0.1;8.77835506652;1.15751955577;0.0175395305374;66.0
111;0.729326582584;0.0;0.1;0.653132563296;1.14368473793;0.0327877445292;43.0
112;0.59777478726;0.0392696736775;0.1;10.0;1.24234876057;0.013121517748;35.0
113;0.90498467478;0.0528270992982;0.1;10.0;1.35915337202;0.0459782118487;93.0
114;0.878531155725;0.0558176203367;0.1;10.0;1.17292215549;0.0124772410717;35.0
115;0.518462312998;0.0158076483239;0.1;10.0;1.33831645656;0.00440516991977;100.0
116;0.591262430873;0.0449257564887;0.1;10.0;1.56432314121;0.0616170062552;100.0
117;0.806323218709;0.0;0.1;10.0;1.12370115329;0.0145791561791;31.0
118;0.45347189705;0.0267910505766;0.1;10.0;1.34525895714;0.00238688243734;33.0
119;0.583672335648;0.0390303313483;0.1;10.0;1.22845685799;0.0173900313373;41.0
120;0.622469239853;0.0336924936179;0.1;10.0;1.21201526057;0.0186878859169;36.0
121;0.756438150312;0.0;0.1;10.0;1.16071835566;0.0422264990946;34.0
122;0.722785567519;0.0271835385117;0.1;10.0;1.28510469426;0.0240035439056;62.0
123;0.693240476613;0.0296950070159;0.1;10.0;1.62841332837;0.0894408726019;100.0
124;0.751791017381;0.0496374930764;0.1;10.0;1.28754816176;0.0304620962568;62.0
125;0.519194403169;0.0;0.1;0.0268706544667;1.34633310321;0.00538185036215;35.0
126;0.543715662776;0.0;0.1;2.65663608365;1.17523711961;0.013021390082;46.0
127;0.76214543287;0.0280010215894;0.1;10.0;1.27563261331;0.0232095983905;37.0
128;0.699705498853;0.074374299848;1.21006049071;10.0;1.27962635284;0.0168629136013;69.0
129;0.687652413073;0.000168756585237;0.1;10.0;1.13784181411;0.00444501644765;37.0
130;0.685773385905;0.0660317357567;0.1;10.0;1.21951015401;0.033752036287;38.0
131;0.686335129669;0.0;0.1;6.0102393222;1.21179434029;0.0116094653563;72.0
132;0.586294115683;0.0;0.1;7.77025403284;1.15857935866;0.0144424742629;62.0
133;0.569129982897;0.0211026432711;0.1;10.0;1.25710990614;0.0291104517952;39.0
134;0.614552584697;0.033801508027;0.1;10.0;1.25149139884;0.0101496012573;37.0
135;0.778301002255;0.0;0.1;2.85406137045;1.10640775642;0.0041325988877;37.0
136;0.680468925361;3.73296170983e-06;0.1;10.0;1.16581115825;0.0338570327094;37.0
137;0.875916795743;0.0;0.1;10.0;1.13354608606;0.0271636829243;32.0
138;0.899691278283;0.0;0.1;10.0;1.16225992652;0.0759017047059;37.0
139;0.78411671852;7.40458844981e-05;0.1;10.0;1.17172320654;0.0229970098397;35.0
140;0.729329326028;0.0335814605041;0.1;10.0;1.4347399831;0.0319334963436;100.0
141;0.623957895425;0.0;0.1;1.96857705438;1.19952940036;0.0105761807152;100.0
142;0.841687735409;0.0;0.1;1.5300590243;1.13268474041;0.0285314530399;43.0
143;;;1.0;1.0;1.5;;2.0
144;0.720001050082;0.0;0.1;10.0;1.14390374757;0.00555151759177;37.0
145;0.723807986243;0.0;0.1;10.0;1.16710144057;0.00711563714597;31.0
146;0.660346773438;0.0117519999394;0.1;10.0;1.13568454505;0.00617495963715;41.0
147;0.374270128553;0.0;10.0;0.01;1.39438286117;0.00143902711383;37.0
148;0.446311852068;0.0;0.1;0.0374204450412;1.17494565088;0.00293311988376;39.0
149;0.595611401552;0.0;0.1;0.585789321575;1.16535097469;0.0107533674736;88.0
150;;;1.0;1.0;1.5;;2.0
151;0.879048486793;0.0611204263546;0.1;10.0;1.31514017328;0.0112388161225;37.0
152;0.679922150623;3.76433567599e-07;0.1;10.0;1.20974613208;0.0169759319133;42.0
153;0.536542037044;0.0;0.1;2.02591802308;1.20030923845;0.00246004008304;45.0
154;0.785663239278;0.168612307131;0.1;10.0;1.24569669856;0.0204493700007;56.0
155;0.601302957103;0.0;0.350451450708;0.691635687893;1.28211065431;0.00132898463323;22.0
156;;;1.0;1.0;1.5;;2.0
157;0.447360249934;0.00601495449577;0.1;10.0;1.18441421813;0.00066042587425;52.0
158;0.900128901417;0.0;0.1;10.0;1.21594131778;0.0117159433388;36.0
159;0.90829251783;0.0552602934495;0.1;10.0;1.24440055038;0.0182041377448;40.0
160;;;1.0;1.0;1.5;;2.0
161;0.869434511057;0.0267924388272;0.1;10.0;1.19598715311;0.00912175544141;48.0
162;0.621838901524;0.0;0.1;4.24806561487;1.09864022317;0.00101871097274;30.0
163;0.901134142253;0.058124481502;0.1;10.0;1.27352891567;0.0275975222103;42.0
164;0.634591467721;0.0;0.1;2.2278137045;1.1239747382;0.000476132882562;36.0
165;0.889524381723;0.0675026679986;0.1;9.91114362901;1.26681951421;0.004515261082;68.0
166;0.572608740373;0.0206743085634;0.1;10.0;1.2494214804;0.00541273082372;53.0
167;0.600554531562;0.0;0.1;10.0;1.1596772186;0.00283128894939;33.0
168;0.892242797649;0.0763724825276;0.1;10.0;1.3493889455;0.0126171419696;82.0
169;0.519467709273;0.0;0.1;10.0;1.18448747795;0.00440085729447;41.0
170;0.586835759118;0.0;0.1;3.4649371009;1.15814429751;0.0135141740104;55.0
171;0.912177262809;0.0487367037464;0.1;10.0;1.33721650981;0.0277696589439;100.0
172;0.314682929123;0.0;0.1;0.0249708792673;1.2275226178;0.00200264770664;35.0
173;0.646430890644;0.0345507340824;0.1;10.0;1.17925120554;0.00822414268839;38.0
174;0.904588522564;0.0;0.1;10.0;1.15001951438;0.0493569147817;36.0
175;0.549467042282;0.0208080111316;2.28924451701;10.0;1.26270744977;0.00266788052989;32.0
176;0.549001426716;0.0;0.1;0.848189892089;1.23339674133;0.00182145423575;46.0
177;0.768491049378;0.0;0.1;10.0;1.13804526538;0.0118976151867;65.0
178;0.44159570462;0.041551226582;3.10926572772;10.0;1.40011755718;0.000429064840392;47.0
179;0.873267024934;0.0;0.1;10.0;1.15612040247;0.0130363391713;35.0
180;0.835314716174;0.0;0.1;10.0;1.15245843991;0.0348202390749;36.0
181;0.334649653737;0.0;0.1;0.223679947635;1.11610416118;0.00586456539801;100.0
182;0.60165130949;0.0;0.1;0.201085110114;1.25333029352;0.0231053896285;34.0
183;0.918294465677;0.0;0.1;10.0;1.18497007188;0.025727308352;28.0
184;0.782751933079;0.0;0.1;5.28821595947;1.18103122434;0.00985428562029;53.0
185;0.809237986236;0.0534553768982;0.1;10.0;1.25054012856;0.0086371452843;41.0
186;0.590357586689;0.0;0.1;4.1553479699;1.18104345595;0.0129718039545;100.0
187;0.679934757042;0.0421852583562;0.1;10.0;1.24427272272;0.0115861218242;39.0
188;0.916503809175;0.0491854784483;0.1;10.0;1.32614264968;0.0155236392084;34.0
189;0.591976330762;0.0583576526167;0.1;10.0;1.24141612393;0.00492816589367;37.0
190;0.591563351832;0.0;0.1;7.4387717324;1.20667995671;0.00512421306562;100.0
191;0.760211132237;0.123224006323;0.201191831079;10.0;1.24582205221;0.00759433752154;28.0
192;0.487428489991;0.0;0.1;3.53928120263;1.23005283582;0.005825143064;49.0
193;0.544177943269;0.0362040617117;0.1;10.0;1.25865363174;0.0348509341588;52.0
194;0.568984306662;0.0;0.1;0.58328615454;1.24594975057;0.00480065188737;35.0
195;0.685403171791;0.00153913370519;0.1;1.68234981858;1.23572192482;0.000115660763526;46.0
196;0.536150544862;0.0;0.1;1.73762424905;1.17853558139;0.00524026760254;43.0
197;0.483028835819;0.0;0.1;5.82362975359;1.14339272331;0.0094585971552;100.0
198;0.576227175269;0.0;0.1;1.02221934016;1.22370204329;0.00127939092075;59.0
199;0.566403877782;0.0;0.1;3.37093296014;1.20140839061;0.00294890480204;100.0
200;0.687472343969;0.0;0.1;2.15706208751;1.12118628947;0.017084205111;35.0
201;0.585231446976;0.0;0.1;2.05863158944;1.18290763305;0.00668080277803;64.0
202;0.602413396299;0.0;0.1;5.28360322693;1.20143305214;0.00165595450837;82.0
203;0.500881125704;0.0;0.1;0.698891967996;1.2146973992;0.00411707176532;60.0
204;0.706194861117;0.0713902482821;0.312564797605;2.42746297336;1.28382702866;0.00603770429309;34.0
205;0.495877950221;0.0;0.1;7.02146881623;1.17217143193;0.00601412053726;61.0
206;0.53089080496;0.0197690842294;0.1;0.572171203572;1.29817017523;0.00452574897974;100.0
207;0.927884408527;0.0480475010413;0.136213535811;10.0;1.26213480593;0.0164285614789;35.0
208;0.581319546806;0.0904911812398;0.1;0.196220484606;1.38311739502;0.00401835458734;50.0
209;0.706350265264;0.0;0.1;3.51217310788;1.12218721737;0.0196542846576;82.0
210;0.917798142028;0.0508837483266;0.1;10.0;1.25766977416;0.0216254283316;67.0
211;;;1.0;1.0;1.5;;2.0
212;0.909501234554;0.0497390418618;0.1;10.0;1.28811052347;0.0260037138879;100.0
213;0.724983584968;0.0535738924085;0.1;10.0;1.23869684812;0.00776389585969;45.0
214;0.640026635857;0.0650257005406;1.20271631916;10.0;1.37475099616;0.00989040251062;43.0
215;0.91610972307;0.0473398501604;0.1;5.80310032888;1.30988403077;0.00758526423325;23.0
216;0.542421591593;0.0;0.1;10.0;1.18371456962;0.00230317717709;39.0
217;0.655932925777;2.56139831488e-05;0.1;10.0;1.22210280384;0.0094588976442;42.0
218;0.905009460023;0.0515956736229;0.1;10.0;1.30907436964;0.0259089476754;46.0
219;0.475973009696;0.0;0.1;10.0;1.22671007889;0.00531648344157;43.0
220;0.543914723527;0.0;0.237466757447;10.0;1.19014964081;0.00239708055579;34.0
221;0.834145640973;0.0459204406973;0.163711163191;10.0;1.3621495692;0.017469531187;31.0
222;0.529034881979;0.0481291630326;0.338271412328;10.0;1.3765509536;0.00133983548494;29.0
223;0.619921982751;0.0132987677203;0.1;10.0;1.25923574158;0.0222398194989;51.0
224;0.902850717677;0.0604050719346;0.1;10.0;1.35842828507;0.0324940003727;48.0
225;0.552388337075;0.0;0.1;6.96611561836;1.19135135629;0.00386469657166;49.0
226;0.589715606344;0.0203919694237;0.297117828678;10.0;1.28720731926;0.000351345770845;65.0
227;0.922104598256;0.0401789920268;0.158557140339;10.0;1.31743047391;0.00868657168321;33.0
228;0.519324061174;0.0284422805039;0.1;10.0;1.35503291095;0.012590217102;46.0
229;0.561367929037;0.0342512611931;0.1;2.89284817735;1.3817727351;0.000669123260386;48.0
230;0.669374191882;0.0732907759144;0.1;10.0;1.23496261011;0.00101957358027;38.0
231;0.642232630041;0.0574809841629;0.38975709906;10.0;1.23077374475;0.00340268367421;30.0
232;0.801742958539;0.0565886040937;0.1;10.0;1.22612794652;0.0113061277608;42.0
233;0.797659229543;0.0728948448618;0.1;10.0;1.21879332945;0.0153188875067;51.0
234;0.772159580909;0.00448283105709;0.1;10.0;1.16127451648;0.00856172634564;32.0
235;0.590507928716;0.0;0.1;4.92010836705;1.17208552116;0.000792719422793;51.0
236;0.751882680824;1.24440137467e-05;0.1;10.0;1.14938891363;0.0104861910996;37.0
237;0.698667899727;0.0;0.1;10.0;1.13581795565;0.00859801386355;37.0
238;0.703527242658;0.0459991693287;0.173424808115;10.0;1.34345015465;0.0111576411238;32.0
239;0.490360019984;0.0181108907157;0.1;10.0;1.34130766154;0.00155911063039;72.0
240;0.626522749695;0.0388190282007;0.132870664037;10.0;1.33562291426;0.00258007162121;33.0
241;0.491609998696;0.0245560759065;0.1;10.0;1.33464002472;0.00708744902194;65.0
242;0.504061345418;0.0;0.120950568152;10.0;1.22876208761;0.00446099768705;29.0
243;0.4645948153;0.00762301057623;0.1;2.28850737656;1.34995697849;0.00235005003974;100.0
244;0.652537194;0.0136965044162;0.150654421152;4.73530554238;1.30476802428;0.00154148146323;30.0
245;0.88767731092;0.0562252944238;0.1;10.0;1.37503851949;0.0332349032449;88.0
246;0.432805690691;0.0168045031835;0.1;10.0;1.42836620812;0.0181264518832;100.0
247;0.48249780077;0.0216675416412;0.1;10.0;1.3544274721;0.00301954242774;100.0
248;;;1.0;1.0;1.5;;2.0
249;0.424258998891;0.0162557080549;0.1;3.11827121019;1.5552809034;0.00131994311673;100.0
250;;;1.0;1.0;1.5;;2.0
251;0.915249551453;0.0349124121644;0.1;10.0;1.29066490462;0.0197683189462;71.0
252;;;1.0;1.0;1.5;;2.0
253;0.458074199895;0.0;0.1;0.41934925257;1.22942405732;0.0129097775911;39.0
254;0.485789359227;0.0;0.1;6.1621301234;1.24503720139;0.00229486572547;69.0
255;0.631317758959;0.0;0.1;0.152597618777;1.29533518498;0.00371144412782;26.0
256;0.936396153887;0.037548103898;0.115110660261;10.0;1.42723283243;0.0318009025473;100.0
257;0.919777159531;0.0;0.1;10.0;1.161215963;0.0436039631316;34.0
258;0.581462679915;0.0;0.1;0.263852656754;1.26648818977;0.00425541361594;80.0
259;0.92058090364;0.0;0.1;7.78901267969;1.14462795464;0.042766065928;55.0
260;0.519609183346;0.0259311135316;0.124458587739;10.0;1.30121483773;0.00318736819753;30.0
261;0.927477582392;0.0408803324805;0.1;10.0;1.32678141129;0.0330056279287;98.0
262;0.345626684332;0.0;0.1;0.751631660455;1.21525882747;0.00699455798992;82.0
263;0.840725823736;0.0;0.1;6.63314181;1.15891932445;0.00997597144915;32.0
264;0.410059813696;0.0302033727224;1.02104131185;0.971252348112;1.51188009615;0.0104669733123;26.0
265;0.921547005357;0.0397224430855;0.1;10.0;1.28747103658;0.0354236151309;61.0
266;0.598501221235;0.0;0.1;0.044770200246;1.31587545734;0.00792726644117;33.0
267;0.932207886893;0.0376145463581;0.1;10.0;1.32094985676;0.0201625810502;100.0
268;0.576106708506;0.0;0.1;0.0269905322837;1.42359067566;0.0019561657018;33.0
269;0.518369951374;0.0;0.1;1.98489981569;1.21039279813;0.00991588646153;46.0
270;0.488890986028;0.0;0.562944743427;5.29575825229;1.24800572789;0.00395137442824;28.0
271;0.544260799166;0.0;0.1;10.0;1.1768794183;0.00169313805607;49.0
272;0.461325590316;0.0;0.220531461499;3.08336291371;1.24031076096;0.0016334971058;23.0
273;0.800460505756;0.0935669541919;0.1;10.0;1.25553811955;0.0070880176101;53.0
274;0.866381262224;0.0774950818231;0.1;10.0;1.31628659101;0.0199678125677;50.0
275;0.928653669521;0.0423433408108;0.1;10.0;1.24487489293;0.0275536955372;37.0
276;0.931192912906;0.0291737888857;0.1;10.0;1.25912580284;0.0318847571792;32.0
277;0.413985069624;0.0121498406658;0.423509658405;10.0;1.62428652457;0.0170947280999;72.0
278;0.63825593511;0.0;0.1;0.0741998503;1.2754389468;0.016609671779;25.0
279;0.908606120554;0.0550287076256;0.1;10.0;1.31867176257;0.059125508621;100.0
280;;;1.0;1.0;1.5;;2.0
281;0.461123877418;0.0;0.1;1.18353437937;1.21845977578;0.00521833688207;54.0
282;0.423585166237;0.0;0.1;0.233397861955;1.23574298865;0.00109880456268;36.0
283;0.450694658853;0.0368578744009;0.1;0.168632117699;1.29098443119;0.000197226074056;52.0
284;0.44933354799;0.0;0.1;0.342303574108;1.23022386725;0.00717014039219;30.0
285;0.477693320555;0.0;0.1;9.58618090809;1.20365461083;0.00171009780588;100.0
286;0.94370333366;0.0414906312699;0.1;10.0;1.41033389795;0.0771173763968;100.0
287;0.933932462306;0.037708902416;0.1;10.0;1.43760524785;0.0249927480415;100.0
288;0.418903976422;0.0124288402885;0.1;1.4083749472;1.84413699187;0.00220598968616;100.0
289;0.551653372687;0.0220361380962;0.1;10.0;1.28756392944;0.00281412512023;47.0
290;0.467347195391;0.0187831702162;1.0142841931;10.0;1.55095125258;0.0140226440355;100.0
291;0.521123186257;0.0;2.32619608783;0.211295476474;1.2843198238;0.00173714056124;23.0
292;0.924385866722;0.0561208993974;0.1;10.0;1.35772870305;0.0315721731365;100.0
293;0.500513368739;0.0117905376459;0.1;10.0;1.34391422134;0.00383408351484;71.0
294;0.564934787224;0.0;0.1;9.30820851849;1.30005569558;0.00165098074907;99.0
295;0.434882235359;0.0;0.1;1.2743669146;1.23773150339;0.00509039648494;100.0
296;0.514494496042;0.0253520288191;0.1;10.0;1.35385480283;0.000973828582814;39.0
297;0.499820009035;0.00966019062965;0.1;2.90489937236;1.34539164744;0.00451570583559;100.0
298;0.890267665771;0.0;0.1;4.90671540202;1.13147790714;0.0327672419788;50.0
299;0.575325926315;0.0;0.1;10.0;1.20621704186;0.003325432988;72.0
300;0.46308432173;0.0;0.1;5.82471813262;1.16281482083;0.00500198489167;46.0
301;0.929229405786;0.0380138305629;0.1;10.0;1.36718794307;0.0259208735506;100.0
302;0.435894657639;0.0125030372707;0.160126239019;1.20142871496;1.59176867266;0.00305575888483;46.0
303;0.923421657213;0.0402553607782;0.156745332243;10.0;1.44844952795;0.0187804744299;31.0
304;0.87936777157;0.0518004680719;0.174740890482;10.0;1.35960496349;0.0231766929151;61.0
305;0.536943773239;0.0;0.1;10.0;1.18196925408;0.00639224058077;100.0
306;0.614896425721;0.0;0.1;0.126484276064;1.2184044655;0.00758025676366;29.0
307;0.518948841196;0.0;0.1;5.92677017268;1.24564992113;0.00211728371374;64.0
308;0.461233758193;0.0;0.1;0.911404617953;1.16605354129;0.00789498705408;47.0
309;0.933168002983;0.0449415807611;0.1;10.0;1.35100703548;0.0362148729212;100.0
310;0.478844588769;0.0;0.1;10.0;1.19797611469;0.00469254418736;36.0
311;0.520937618027;0.0;0.1;0.019313077921;1.4252828936;0.0023437035655;39.0
312;0.492967872147;0.0366338411445;0.982734110001;10.0;1.37713297329;0.0187623131266;45.0
313;0.94384523596;0.0365705755699;0.1;10.0;1.39114097861;0.0244802154094;100.0
314;0.494027787457;0.0;0.1;0.222078898895;1.36238151896;0.00330457211459;29.0
315;0.933572917509;0.0394770114021;0.139334454151;10.0;1.35709128545;0.0115135757016;30.0
316;0.921738620965;0.0453039995309;0.186855805242;10.0;1.35032686747;0.0440310093161;31.0
317;0.925784402764;0.0422077951593;0.1;10.0;1.30325592206;0.0274281805157;68.0
318;0.857173394442;0.0812281560108;0.1;10.0;1.2193559788;0.0122598552753;100.0
319;0.431085856562;0.0117946769523;0.1;5.30317781428;1.36065506672;0.00190061193909;100.0
320;0.44197948522;0.0146586936357;0.1;3.77216792366;1.45791705001;0.00133156942353;100.0
321;;;1.0;1.0;1.5;;2.0
322;0.925179233425;0.0;0.314048144065;4.26077591897;1.1816270047;0.034006944246;38.0
323;0.45517002367;0.00755593434552;0.1;2.00526266416;1.47595735384;0.00160674080013;82.0
324;0.737701783843;0.0484649504499;0.106882234093;10.0;1.42951878195;0.0124372703264;100.0
325;0.935501815843;0.0398311231316;0.1;10.0;1.37403969641;0.0183473963331;100.0
326;0.510818706002;0.0;0.1;0.258478222116;1.21175903132;0.00142211007341;34.0
327;0.44179518384;0.0219332983823;0.184452627438;10.0;1.44174212713;0.000561496156612;36.0
328;0.48919644687;0.0;0.1;9.6907079541;1.19906853272;0.00193967961793;71.0
329;0.501523806845;0.0311798527467;0.114463084124;10.0;1.44713684926;0.00300818977705;69.0
330;0.871536729023;0.0903003009074;0.1;10.0;1.37432910859;0.0116125357648;58.0
331;0.40053962946;0.0;0.1;0.140946965793;1.29597888833;0.00540142522264;29.0
332;0.953451710192;0.0268179399977;0.1;10.0;1.69857528957;0.0504598787217;100.0
333;0.928199201136;0.0452666707601;0.1;10.0;1.47507409546;0.0435925222741;100.0
334;0.945792856223;0.0378144501105;0.1;10.0;1.43428160414;0.0484814888488;100.0
335;0.604705157834;0.0;0.1;0.0312613466794;1.36180808441;0.0115667155628;36.0
336;0.473546188255;0.0130068487361;0.1;3.920513154;1.41584087173;0.000939370397874;100.0
337;0.919731903155;0.0314407785293;0.1;10.0;1.31397874424;0.0176142130291;68.0
338;0.461324733804;0.0193567674851;1.31906855905;10.0;1.78190433434;0.0159281175369;100.0
339;0.538125986193;0.00413171055986;0.1;10.0;1.38409637309;0.00500459992379;100.0
340;0.476875200645;0.0310154111499;0.1;2.60344419375;1.42003772539;0.000477800359625;69.0
341;0.68125632052;0.0;0.1;10.0;1.20189422395;0.00362719526141;55.0
342;0.523142311889;0.0;0.1;0.977090774027;1.18756926849;0.00809368469338;39.0
343;0.553186915643;0.0;0.1;10.0;1.23627211228;0.00292195826605;34.0
344;0.517211702472;0.0118564699074;0.299915456044;1.45505898941;1.31786049694;0.00151266972101;64.0
345;0.579721379963;0.0192615482216;0.1;3.61826906458;1.24230752636;0.00471814201827;100.0
346;0.554758374411;0.0428481733974;0.1;0.15801038805;1.53173049733;0.00889072680358;73.0
347;0.511907842864;0.0241834961657;0.1;10.0;1.47442198531;0.00202618742624;91.0
348;0.487922100346;0.0557372019494;0.156299267322;2.69154145789;1.35201111724;0.00127243781358;34.0
349;0.512117602437;0.0130574500005;0.1;3.23602526255;1.26097491301;0.000713391596948;100.0
350;0.598607391182;0.104751463843;0.1;10.0;1.27748939448;0.00869207285299;82.0
351;0.501137214899;0.0;0.1;1.83574671246;1.2142209174;0.00552869431731;100.0
352;0.632988667124;0.0;0.1;10.0;1.10499705735;0.00151401840654;43.0
353;0.466955762804;0.012101258305;0.1;10.0;1.23759524983;0.00212535233791;55.0
354;0.506549971426;0.0684607144821;0.156378572332;10.0;1.32116895286;0.00411281194084;36.0
355;0.589091330692;0.0;0.1;10.0;1.25859296959;0.00507804234812;32.0
356;0.503869352576;0.0655204852881;0.1;10.0;1.26382981303;0.00277700670735;38.0
357;0.649509541039;0.0460963620555;0.1;10.0;1.18707464845;0.0012688365064;72.0
358;0.616561885846;0.0;0.1;7.4951319039;1.11677384771;0.00311098157857;77.0
359;0.524782741618;0.0292659042891;1.52993523536;10.0;1.90309337082;0.0534346072653;100.0
360;0.532197851644;0.0;0.1;10.0;1.19839613185;0.00151708754985;100.0
361;0.316494565345;0.00143479984502;0.1;0.423532237839;1.15191500036;0.00161310911355;33.0
362;0.657836968114;0.0369143375953;0.1;10.0;1.25317666062;0.00358224231267;51.0
363;0.463739807005;0.0142116563299;0.73611818783;10.0;1.33687659058;0.00341270878484;36.0
364;0.460852443811;0.0;0.1;3.59664568782;1.22540395725;0.0010483155891;83.0
365;0.463491331999;0.0;0.1;2.49578936892;1.22331651026;0.00461707880125;70.0
366;;;1.0;1.0;1.5;;2.0
367;;;1.0;1.0;1.5;;2.0
368;0.502007757013;0.068777267368;0.1;0.662384932361;1.40024931441;0.00414041733296;100.0
369;;;1.0;1.0;1.5;;2.0
370;0.529076754506;0.0;0.1;1.54486171884;1.24370247724;0.00620997439308;95.0
371;0.486687799888;0.0;0.1;1.48587745198;1.19135631308;0.00147673513745;49.0
372;0.538662277481;0.0459060172311;0.1;3.99228292544;1.3157574675;0.000715372765754;62.0
373;;;1.0;1.0;1.5;;2.0
374;0.436708469479;0.00860366171582;0.1;0.199120230558;1.42810889446;0.00448055491832;83.0
375;0.553150718469;0.0;1.41623735103;10.0;1.32662357106;0.00756864638672;38.0
376;0.431750120254;0.0;0.1;0.552934816802;1.35335423248;0.00179802082934;97.0
377;0.46880887357;0.0;0.1;9.59140809844;1.17746931224;0.0037375758315;100.0
378;0.51751861917;0.0160430609311;0.1;10.0;1.36519226107;0.00261815194334;38.0
379;0.472980897064;0.0420548885206;0.1;4.55337566677;1.43799325593;0.000321081052103;100.0
380;0.46493659989;0.0226353695475;1.4476638586;10.0;1.93832354789;0.0213967057063;90.0
381;0.591198549027;0.0;0.1;0.732845838708;1.29378511008;0.0141073659335;100.0
382;0.432226957338;0.0;0.1;0.50500096273;1.18113620409;0.00086490998702;32.0
383;0.60846631251;0.048429152158;0.1;10.0;1.24405995028;0.00662323830851;37.0
384;0.503813875751;0.0;0.1;2.66597356509;1.23887723766;0.000453355189052;40.0
385;0.507818983876;0.0383666370918;1.6389569657;10.0;1.90306951585;0.0215747279708;100.0
386;0.513420029713;0.0;0.1;0.983433781331;1.31783483146;0.000929399151197;31.0
387;0.491395583643;0.0;0.1;0.719962316668;1.1980071014;0.00242389242816;47.0
388;0.497565912425;0.0;0.1;1.40303867427;1.22653276572;0.00372369297855;91.0
389;0.469648399064;3.80440388327e-05;0.1;2.11553974068;1.74806008541;0.00208909097583;100.0
390;0.413217714394;0.0408338694439;1.10275071805;10.0;1.50739091911;0.00920287215474;45.0
391;0.496727028084;0.0;0.1;1.95600218898;1.18695179405;0.00140004356272;40.0
392;0.574256903456;0.0901229414464;0.323161907083;10.0;1.33415985099;0.00252433071943;39.0
393;0.579615648635;0.0;0.1;0.803083478001;1.24405117554;0.000854416543624;41.0
394;0.46003208911;0.0291869319421;0.1;0.131429390435;1.44685196705;0.000875481551192;40.0
395;0.549000042774;0.0429867249008;0.1;2.75472423023;1.34010548842;0.00412533442993;100.0
396;0.453767571845;0.0157208524633;0.1;0.996604206552;1.87167402327;0.00311834517848;100.0
397;;;1.0;1.0;1.5;;2.0
398;0.393980925419;0.0116924765352;0.1;0.973163911327;1.69013502774;0.00239045220856;100.0
399;0.437855892172;0.0;0.1;0.291618507008;1.29351325995;0.00314173336368;70.0
400;0.494295815951;0.0399284218391;2.98963370523;10.0;1.52634449463;0.0127658143483;66.0
401;0.525895326205;0.0465552822521;0.482419379482;10.0;1.37301550507;0.0092844147699;34.0
402;0.441496440219;0.00960389292776;0.1;3.01338956679;1.67765793735;0.00209980616132;100.0
403;0.450535970892;0.0237521035137;0.633309152115;10.0;1.52061768167;0.0033305457352;37.0
404;0.417028751785;0.0184443094325;0.546261637672;10.0;1.61396757861;0.00750271930427;43.0
405;0.407979078761;0.0;0.1;0.674614395596;1.22177035636;0.00597567606379;100.0
406;0.455449850465;0.00519236739533;0.1;0.689167837764;2.23816694532;0.00255062647561;100.0
407;0.539912854606;0.0344130285177;0.1;10.0;1.3516030541;0.00818409572808;48.0
408;0.541167127388;0.0;0.1;4.68751948916;1.28392673862;0.00385663510506;100.0
409;0.480882865942;0.0;0.1;1.87162397275;1.14254405379;0.00167571421904;85.0
410;0.51028678931;0.0314613215786;0.1;10.0;1.36621019918;0.0010183009081;55.0
411;0.641834302532;0.0;0.1;7.62736912834;1.28597704625;0.00255534128237;100.0
412;0.543599197791;0.121507383066;1.31374454593;10.0;1.29485216135;0.0101771532119;45.0
413;0.492079886875;0.0;0.1;0.402763214006;1.27231748149;0.0127140853081;100.0
414;0.359592387116;0.0;0.1;0.01372873573;1.25468916759;0.00129136220595;32.0
415;0.48748974357;0.0210880978524;2.28219703946;10.0;1.58727774286;0.0101522330584;53.0
416;0.600558618505;0.0410444457549;0.1;10.0;1.27941764641;0.00183550132446;39.0
417;0.622953723025;0.0;0.1;7.08177462352;1.16595354016;0.00383142688302;71.0
418;0.493543609465;0.0912779770721;0.1;10.0;1.28440146534;0.00303149906463;42.0
419;0.449614763601;0.0105234799011;0.1;1.31869278843;1.86043335105;0.00767192982988;37.0
420;0.493435754748;0.0;0.1;0.178752934654;1.44909627284;0.00459396491372;46.0
421;0.492993065944;0.0352390019933;0.1;0.966916683859;1.85865132775;0.00316988392613;100.0
422;0.445583849992;0.0241484435532;0.1;1.49558656995;1.45036280552;0.00216977478126;100.0
423;0.452743639626;0.0261590387244;0.1;0.738283994312;2.09684851782;0.00184511020909;100.0
424;0.444012913448;0.0628654874284;0.1;5.91327989137;1.33753936902;0.000646108805227;44.0
425;0.517084408342;0.0;0.1;10.0;1.2302975169;0.00389934051783;39.0
426;0.489244987721;0.149020042325;0.1;10.0;1.12589468162;0.00233433756189;37.0
427;0.548537526679;0.104094633181;0.1;10.0;1.26507280153;0.0025611998904;38.0
428;0.640734497416;0.100359285987;0.1;10.0;1.24595084573;0.00208470765842;38.0
429;0.538885850763;0.0;0.1;2.46248716369;1.13045009934;0.00369487242106;44.0
430;0.526452333703;0.129575200339;0.1;10.0;1.22009640458;0.00235877041727;37.0
431;0.639230937454;0.0990462332635;0.138207780386;10.0;1.26142314071;0.00122513352149;35.0
432;0.537100489625;0.0654821695786;1.11248885889;10.0;1.45800590946;0.000838457096164;50.0
433;0.48983217756;0.0;0.1;2.72124438966;1.26803982358;0.00274209603311;61.0
434;0.480071807915;0.0;0.1;1.19210421984;1.36517929918;0.00249693571486;100.0
435;0.461512793031;0.0;0.1;0.513516051846;1.45023225599;0.00429082872713;74.0
436;0.453204364968;0.0;0.1;7.73073653942;1.20476278956;0.00517522580149;82.0
437;0.461886889469;0.0568549340822;0.603742473438;10.0;1.40036466228;0.00126833527638;41.0
438;0.506041823498;0.0;0.1;7.74602263134;1.25848054578;0.00141861567656;60.0
439;0.443714834093;0.0567331762283;1.34409605813;10.0;1.4898788256;0.0122768775177;41.0
440;0.640712377249;0.145522694719;0.1;10.0;1.18997460492;0.00186680615168;37.0
441;0.448825221891;0.0564091423951;0.1;10.0;1.24991581198;0.0063066178169;48.0
442;0.524397102233;0.187468672584;0.1;10.0;1.09459777829;0.000314159798398;38.0
443;0.381220303208;0.0;0.1;10.0;1.09305170305;0.00313013804034;43.0
444;0.472202028797;0.0968483343849;2.14189305543;10.0;1.46001004455;0.00703662362932;66.0
445;0.469328257334;0.0;0.1;1.34975638788;1.245203285;0.00180813187594;55.0
446;0.45282453963;0.00798395756108;0.1;0.957546674169;1.2181908984;0.00168699811097;100.0
447;0.492031045061;0.0231897198591;2.77043112357;10.0;2.60417156468;0.0115335019031;100.0
448;0.574756722069;0.0;0.1;0.831256258059;1.31036179163;0.00381337116182;100.0
449;0.325343211102;0.0937369292915;0.1;10.0;1.13775946389;0.00149535629307;34.0
450;0.475195070992;0.137712247131;2.54252187097;10.0;1.29114389324;0.00329057183372;42.0
451;0.495339994351;0.00543362887256;0.1;10.0;1.19678660449;0.000656167056042;55.0
452;0.487108857799;0.0149132064212;1.81116477627;0.785107191137;1.64483066967;0.00738769130538;31.0
453;0.423125218759;0.0;0.1;10.0;1.18594189523;0.000835761695048;46.0
454;0.542705580502;0.0;0.118999219159;7.84432557307;1.19855507331;0.000642338325694;45.0
455;0.570741400025;0.0;0.1;2.40197543167;1.15044016491;0.00784803837701;100.0
456;0.572203870227;0.0660722391854;0.1;10.0;1.32081866332;0.0050211655348;37.0
457;0.533183000819;0.0310551850639;2.06805387169;10.0;1.93248015878;0.0281224596997;100.0
458;0.419377398458;0.0128258912684;0.247430976324;0.747761663209;2.17699412407;0.000109483154088;28.0
459;0.418829938759;0.0;0.1;0.83658531795;1.20745898012;0.00380861896222;100.0
460;0.538323153334;0.0;0.1;6.08514314896;1.20158063892;0.00131383105115;41.0
461;0.519456941283;0.057001600289;1.5133428408;10.0;1.52304834413;0.0257622328381;59.0
462;0.418936407534;0.0227120130632;0.166433719757;10.0;1.44486035691;0.000378696986833;32.0
463;0.489743132808;0.0067952808167;0.1;10.0;1.16328908186;0.00147672151818;100.0
464;0.533336486625;0.06803553835;0.160352813189;5.63150193447;1.26972306727;0.000951745906552;27.0
465;0.445316927734;0.00939214937215;0.23345289638;2.76987586522;1.61241253447;0.000402192621901;45.0
466;0.478283959272;3.48025803254e-28;0.1;10.0;1.31259343214;0.0052167950823;100.0
467;0.456338728003;0.0;0.1;2.35610216482;1.3139806577;0.000499895443104;57.0
468;0.397384488126;0.0244476415178;0.1;9.4537816205;1.33531414702;0.000129342738822;100.0
469;0.463973215778;0.0;0.1;0.607293065758;1.26344011899;0.00404858001864;41.0
470;0.496822845134;0.070413007257;0.119674534756;10.0;1.31383219585;0.00139227324053;42.0
471;0.463058195142;0.0257991622742;1.28308870061;10.0;1.43068806721;0.0127722530148;57.0
472;;;1.0;1.0;1.5;;2.0
473;0.436631518891;0.00388855626831;0.1;1.23903875173;1.84213682793;0.00142247463749;100.0
474;0.443145510445;0.0;0.1;1.17315306388;1.27401414749;0.00805824218096;52.0
475;0.49955270705;0.0374917831749;2.2380458193;10.0;1.72928271065;0.00407592278322;63.0
476;0.477986474678;0.00538716062493;0.1;1.25350472922;1.66878977204;0.00461569622145;100.0
477;0.499691120897;0.0360906001977;0.1;0.0841530542556;1.66359216771;0.00158654039051;52.0
478;0.630364536988;0.0455514640645;1.08502720237;10.0;1.28979706191;0.013263315886;81.0
479;0.474737681092;0.00591000478961;2.26867598349;10.0;2.15718039692;0.0184027345684;100.0
480;0.431280599201;0.0;0.1;1.82383427321;1.23627759696;0.00164527503958;41.0
481;0.455141064752;0.0;0.1;4.10444412342;1.18976318055;0.0109528527066;41.0
482;0.406572746332;0.0161789499245;0.161476508173;8.58201485126;1.46561065839;0.000178552328425;28.0
483;0.53499098277;0.0216949968765;0.1;0.308545079221;1.51307256941;0.0175370898429;60.0
484;0.5820218237;0.0;0.1;9.13663293838;1.17180899615;0.0020210786246;48.0
485;0.612861752978;0.068176699298;1.28194065023;10.0;1.51987346209;0.0238478563253;48.0
486;0.587112813161;0.0;1.80322728222;4.27365023982;1.37857800673;0.0167267266789;54.0
487;0.479487969919;0.0;0.1;1.51648906656;1.2144056164;0.0122534799802;100.0
488;0.422245312937;0.0170949714097;0.1;1.76981570683;1.87296821196;0.000178253344601;29.0
489;0.408997741646;0.0115070575465;0.1;2.55801048621;1.52104575822;0.00200320501023;100.0
490;0.486219757194;0.0299288162289;0.1;10.0;1.11775751834;0.00191502828429;90.0
491;0.469452186918;0.0;0.1;3.64760953047;1.20115858796;0.00577756245828;58.0
492;0.465632755065;0.0281266211826;0.663517344503;10.0;1.63536591608;0.0056838263644;45.0
493;0.53978463463;0.0507144345401;0.1;10.0;1.34537415782;0.00586703042771;46.0
494;;;1.0;1.0;1.5;;2.0
495;0.422458099024;0.0087486616013;0.1;2.17395358211;1.73231490152;0.000346416480889;100.0
496;0.427144694598;0.0;0.1;2.47889942815;1.18806786603;0.00465593232698;100.0
497;0.403343739088;0.00767026852631;0.1;1.64269763449;1.6989756318;0.00104860251077;100.0
498;0.421719037026;0.0;0.1;2.07634891925;1.26075790408;0.00101957324864;61.0
499;0.610274038023;0.0;0.1;10.0;1.14270696242;0.00456488203551;36.0
500;0.3285342455;0.139255335519;0.1;10.0;1.05566009808;0.000327962417976;32.0
501;0.545627862857;0.0;0.1;10.0;1.31861826285;0.00384899207689;100.0
502;0.516819380791;0.0123219711546;1.48039574705;10.0;1.32094531932;0.0215109851153;58.0
503;0.566296997405;0.0854019230698;0.1;10.0;1.29088301241;0.000700340400255;100.0
504;0.495154515558;0.0;0.1;4.13226678355;1.30243130852;0.00112640004063;91.0
505;0.550416610052;4.03122788074e-11;0.1;10.0;1.19025879175;0.000787030070692;94.0
506;0.439960035855;0.0246854482547;0.209344815029;10.0;1.68854776685;0.00136435959776;40.0
507;0.424047558896;0.0543300462669;0.1;10.0;1.45019653266;0.00204373194121;69.0
508;0.390760147484;0.0438539779329;0.1;10.0;1.02795278432;0.000176966816515;100.0
509;0.504811720271;0.0;0.1;0.493648963259;1.23732297184;0.00321655521858;34.0
510;0.445855119214;0.0315446341523;1.2832616983;10.0;1.44624886797;0.0162457480094;55.0
511;0.503523137889;0.0393352372444;0.1;10.0;1.26168003796;0.00103204313846;36.0
512;0.550159039807;0.0;0.189452455742;10.0;1.21908165791;0.00146852346676;40.0
513;0.542039400474;0.054179462616;1.3988667428;10.0;1.5796709591;0.0108292001238;49.0
514;0.527347056646;0.0193856484525;0.50310108255;10.0;1.35720694793;0.00367265606936;33.0
515;0.747153894108;0.13451684526;0.201658043976;10.0;1.24447283892;0.00637969241912;37.0
516;0.571393368791;0.0372857346394;0.1;5.22998698964;1.23252960051;0.0038853804764;85.0
517;0.495172666469;0.0360406196944;1.11908622034;10.0;1.46380196662;0.0246685794703;54.0
518;0.451499209919;0.0233545538413;1.85480849867;10.0;2.11562787713;0.0110403369797;73.0
519;0.493800578209;0.028735703701;1.29072251032;10.0;1.47846464365;0.00783928752245;60.0
520;0.545664287928;0.0705338867535;0.1;10.0;1.19429609854;0.00655323694734;44.0
521;0.552064458046;0.0343822261942;0.1;2.59440362464;1.24278206059;0.00199426190482;100.0
522;0.574420842064;0.0264893722182;0.1;10.0;1.52349425284;0.0314216791903;100.0
523;0.514449157214;0.0528289255481;0.1;5.23453450907;1.36521360983;0.00184050857868;51.0
524;0.562157330898;0.0583846835022;0.194591462675;10.0;1.23873059183;0.00124889008186;43.0
525;0.444289577843;0.00336043340135;0.270116960912;9.56075407863;2.23415644837;0.00257480636801;38.0
526;0.536611666851;0.0323974126969;0.1;10.0;1.42266932361;0.0102605354771;64.0
527;0.467722458014;0.0172415087185;1.09254711458;0.816537275917;1.67904788124;0.0392950789636;37.0
528;0.564314088977;0.0;0.1;3.94691819551;1.21889248865;0.00229418874796;41.0
529;0.57060703745;0.0251507252291;0.1;10.0;1.50460508845;0.02950082883;100.0
530;0.649641546008;0.0175774256395;0.1;10.0;1.18175360966;0.0143452103699;39.0
531;0.460326239592;0.00360808980186;0.18038287628;2.21752501923;1.29767173007;0.000202547942127;26.0
532;0.403035705325;0.0072752475871;0.1;0.964774219035;2.1513620087;0.000668313619084;100.0
533;0.570025583441;0.0232461976639;0.1;10.0;1.30735863963;0.0206217447332;35.0
534;0.408317027066;0.00693277934155;0.28225723868;9.63116672199;2.21395033545;0.00266942019622;34.0
535;0.470877224719;0.148088076889;0.1;10.0;1.08379412672;0.00152518672407;28.0
536;0.424517381953;0.0;0.1;0.274318966474;1.31496065098;0.00616700035435;41.0
537;0.478972295068;0.0436861561588;0.1;0.08315689688;1.78200722552;0.00220173504274;100.0
538;0.506233321522;0.00577692859263;2.73247825453;10.0;1.44508979568;0.00492836460203;54.0
539;0.615419658375;0.0197887688723;0.179957856177;10.0;1.31340435242;0.00319696023093;35.0
540;0.442817469755;0.012255562676;0.21124093057;7.65551431739;1.57827476113;0.000411047559737;30.0
541;0.474137997244;0.0152186843861;0.17880516393;10.0;1.38435678923;0.00684380208073;52.0
542;0.667815414298;0.0682951139943;0.1;10.0;1.40506606185;0.0149932361757;100.0
543;0.391287693214;0.000747428736611;0.217007123543;10.0;1.21959765756;0.00175060292966;36.0
544;0.657775593788;0.091532778393;0.1;10.0;1.32116590416;0.0148028214431;100.0
545;0.397734574412;0.00611757217423;0.1;1.23737649503;1.7536143004;0.00139487190086;100.0
546;0.568918233763;0.0542175758211;0.182732563435;3.20708020224;1.28948313644;0.00047636837642;22.0
547;0.514891342693;0.0;0.1;10.0;1.15576961079;0.00460939684383;35.0
548;0.361482673097;0.0;0.1;0.146043376185;1.10111425119;0.0021006385931;31.0
549;0.429757376751;0.0;0.1;0.57013370635;1.28002638995;0.00143077948318;35.0
550;0.612069961091;0.0703094566087;0.1;1.45644360064;1.28894327754;0.00104107208113;26.0
551;0.403863044868;0.0;0.1;2.05819553087;1.20094525566;0.00120209217044;56.0
552;0.468184153322;0.0147984336823;0.154290332655;10.0;1.51613207983;0.00257378301543;33.0
553;0.519273111452;0.0690822599576;0.700382602019;10.0;1.27933928128;0.00127897282309;47.0
554;0.585022084945;0.0;0.1;6.66363660015;1.16781393432;0.00159445866722;100.0
555;0.527924263011;0.0448048028251;1.86121251984;10.0;1.63631974123;0.0165727151526;55.0
556;0.650965266508;0.0387136906197;0.175099383773;10.0;1.30070587974;0.00361796437829;33.0
557;0.543195463079;0.06088085356;0.1;4.25765319949;1.40705902709;0.00634906834839;100.0
558;0.303259440754;0.0;0.1;10.0;1.05603251109;0.00184100262454;35.0
559;0.503566485309;0.0355024243304;1.91509291053;0.898014260574;1.52028178553;0.0149895999791;37.0
560;0.522271560491;0.0484494461345;0.549516052563;3.25637136115;1.2805096034;0.000680665092327;37.0
561;0.423453135257;0.0;0.1;2.72702043962;1.20888058285;0.00274839265012;100.0
562;0.471466037883;0.0;0.135764703497;6.47179222847;1.20799918466;0.00116816535881;42.0
563;0.603767269425;0.0;0.1;3.49484382129;1.13873238667;0.0101643171269;46.0
564;0.489649889626;0.0;0.1;9.35443591503;1.15259207289;0.0021001876958;48.0
565;0.57464117818;0.0700586756123;1.22943591132;10.0;1.31745454886;0.0188269376958;48.0
566;0.550854493216;0.0137939713754;0.1;2.64444978082;1.26933883589;0.000169300125433;97.0
567;0.47193741346;0.0118296017741;0.1;3.82653647358;1.37169686455;0.00137186705869;29.0
568;0.532703431628;0.0167720221712;0.1;6.26260285033;1.18104421925;0.00198257996479;63.0
569;0.455983375595;0.0159611202336;0.1;8.9962109023;1.49927243983;0.000742878133635;100.0
570;0.449166413471;0.0;0.1;4.14640446526;1.2276614509;0.00373139502272;54.0
571;0.605201555276;0.0;0.1;2.99344604106;1.19218503716;0.000377484778657;39.0
572;0.518033365271;0.0369913089678;0.1;0.126213713171;1.50657435505;0.0013316651222;39.0
573;0.648555876416;0.0;0.1;9.14748315177;1.18420453197;0.002706193075;74.0
574;0.499382517783;0.0102088150985;0.1;1.70692427634;1.50645133433;0.0015185899867;54.0
575;0.402645315756;0.0;0.1;2.21223322936;1.21981341741;0.00223549332276;100.0
576;0.759135563742;0.0;0.1;5.75593404267;1.17069425591;0.000992941975602;40.0
577;0.522245564406;0.0;0.1;8.79757778557;1.11321083094;0.00287687647945;51.0
578;0.551682632506;0.0;0.1;1.58281073168;1.24757807201;0.0063978612581;50.0
579;0.437720225855;0.00848009413242;0.629467439614;10.0;1.68738184312;0.00683329517769;44.0
580;0.463175948863;0.0;0.1;0.490360318927;1.28203328082;0.00674757260722;100.0
581;0.43159786821;0.0;0.1;5.21927934266;1.14810901026;0.00281670223807;54.0
582;0.516728943277;0.0;0.199289427424;10.0;1.21083603425;0.00184592628287;37.0
583;0.451010077133;0.0115249662044;0.575333806669;10.0;1.36787499938;0.00266933148131;35.0
584;0.391043072921;0.00780687142317;0.1;0.537846840224;2.55553255165;0.00087551371263;100.0
585;0.436321742918;0.00700052236747;0.640208440837;10.0;1.78857102031;0.00545458974403;49.0
586;0.497023343068;0.0172731799728;0.14694786709;1.56679411712;1.43273794178;0.000650712573182;32.0
587;0.501582455337;0.0347754337072;0.1;0.614992654918;2.00460934498;0.00523311506995;100.0
588;0.510086447515;0.0527633530053;0.1;0.896785528002;1.78168268203;0.00728540692546;100.0
589;0.656877501865;0.0996262825902;0.1;10.0;1.20535623588;0.00503753807243;47.0
590;0.402879441184;0.0;10.0;0.01;1.2265333557;0.000297869033099;40.0
591;0.451683086588;0.1886219732;1.22314166817;10.0;1.05311693639;0.000263754696457;49.0
592;0.524825505271;0.0;0.1;5.09190140903;1.2585860899;0.00127666814092;62.0
593;0.471098610339;0.0;0.15635422009;10.0;1.24377395794;0.00189549135318;32.0
594;0.411730880044;0.0186187270329;0.194292406523;10.0;1.80834045321;0.00368762905452;100.0
595;0.731324093106;0.0574517121349;0.1;2.10460908084;1.32092057707;0.00129911398228;46.0
596;0.540289752371;0.0;0.1;0.503736952167;1.23845515835;0.00302483356248;82.0
597;0.441455689883;0.0;0.1;4.88440442914;1.20988538732;0.00356537790031;61.0
598;0.669314586389;0.105816823142;0.110242273981;5.54921638056;1.19560802897;0.00297484123519;37.0
599;0.442717917065;0.0;0.1;10.0;1.05706023167;0.0021391112054;36.0
600;0.42832177582;0.0;0.1;2.53681597329;1.02948199319;0.000176939722022;91.0
601;0.66900951369;0.0;1.28313887461;10.0;1.1945671371;0.00797354033407;27.0
602;0.579366173085;0.0787084198679;0.1;0.243952472205;1.34777093593;0.00355393781391;43.0
603;0.524889294811;0.0;0.1;0.688229353113;1.19313740332;0.00554608518508;100.0
604;0.623430901408;0.0;0.1;2.31055887263;1.09097542303;0.00294129156624;42.0
605;0.394046612262;0.0;0.1;10.0;1.03758873528;0.000461541509215;35.0
606;0.401914641271;0.179816587756;1.94460610452;10.0;1.03718842229;0.000388480795743;36.0
607;0.537637403519;0.0;0.1;6.55044446592;1.23210537165;0.00102476041519;71.0
608;0.417307683559;0.0137599631864;0.142513064149;10.0;1.36439885721;6.6774669649e-05;28.0
609;0.316740121945;0.0112618563854;0.746811961068;1.21207336378;2.01529536482;0.00265205581904;100.0
610;0.62228030044;0.0;0.1;2.61538573479;1.21548658224;0.0034408312586;53.0
611;0.540274615104;0.0502698597544;0.224393827122;7.70965175817;1.41354638304;0.00207496737205;33.0
612;0.507699492047;0.0263816755139;0.1;1.70425427043;1.67539115493;0.00139763296334;99.0
613;0.642556097338;0.0525252793808;0.1;1.64854589034;1.30313080588;0.00318936398457;100.0
614;0.530709453394;0.0568001863012;2.0508947659;1.10341116489;1.4285063003;0.00272684928015;31.0
615;0.474641876767;0.0585042783148;1.52976529331;10.0;1.35524847709;0.0124207074926;59.0
616;0.532621697168;0.0151456486313;0.1;10.0;1.57372210456;0.0126565036905;100.0
617;0.423112246922;0.0164868106116;0.1;10.0;1.616633603;0.0123505444467;100.0
618;0.397017034747;0.0079988257784;0.1;0.82003073829;2.145527174;0.00159571900986;100.0
619;0.575297679516;3.29682107209e-14;0.1;10.0;1.22767437636;0.00382186704315;100.0
620;0.460321637487;0.0243153463393;0.1;2.35195957657;1.48624780136;0.000701927712884;85.0
621;0.558221795158;0.0;0.1;2.61075836981;1.26578733094;0.00357586427314;71.0
622;0.573311204106;0.0695574953539;0.597270021547;5.84760630998;1.33101772388;0.00203288204706;42.0
623;0.551203481266;0.0231119890455;2.05501601639;10.0;1.48256159733;0.00605945433169;50.0
624;0.664832533692;0.0542282268965;1.10089437686;10.0;1.37731023656;0.0221209925907;45.0
625;0.537155514453;0.0517557980722;1.52596736059;10.0;1.34430392244;0.00341688147875;42.0
626;0.441529427775;0.0;0.1;1.6021375024;1.19324532175;0.00643163372688;90.0
627;0.553581584544;0.0;0.1;5.49958369642;1.16792387717;0.00480156814687;47.0
628;0.555727371362;0.021657530883;0.1;10.0;1.38160351377;0.010568638693;100.0
629;0.465404744848;0.0329140112022;0.1;2.39255298617;1.40099568148;0.000854048788455;98.0
630;0.412978392436;0.0079783218684;0.171300543866;2.97426602045;1.65024088187;0.000180814442475;31.0
631;0.636266884856;0.157083545152;0.103074860463;10.0;1.1445576959;0.00201618549041;84.0
632;0.594850593351;0.0;0.1;10.0;1.15465621595;0.00579548907009;44.0
633;0.489523596456;0.014145653857;0.740500253165;10.0;1.42247139437;0.00281282423636;35.0
634;0.538462870468;0.0481535159156;0.509917394733;6.04733962207;1.32808420094;0.00314912816573;46.0
635;0.608781015221;0.116116696918;0.1;10.0;1.17444430857;0.00397359995659;44.0
636;0.489426602498;0.0;0.1;2.79187784249;1.20782178969;0.00228456135775;41.0
637;0.434135105884;0.0127771584374;0.249917754851;10.0;1.95094501525;0.00387002065222;35.0
638;0.585398743067;0.069466154651;0.128608173605;10.0;1.25475901471;0.000947550594518;46.0
639;0.337918739849;0.104364881065;0.1;10.0;1.06918465344;0.000491290484977;48.0
640;0.509194563696;0.0173028375923;0.767851744702;10.0;1.50346582676;0.00529203331919;35.0
641;0.351487457346;0.000289216730767;0.1;1.68875797888;1.042119208;0.000846073684832;51.0
642;0.485554121923;0.0167310666189;0.800096969806;10.0;1.78099431438;0.00406181995648;35.0
643;0.503073079666;2.73601487105e-05;0.1;0.297271229652;1.16058145583;0.0060820563983;32.0
644;0.649564671848;0.0;0.111440775544;10.0;1.11746259402;0.00184005076043;31.0
645;0.321923714685;0.0;0.1;2.62696472908;1.15422328136;0.00188205324376;59.0
646;0.537852434083;0.0;0.1;3.46616454829;1.17516113304;0.00328423294627;51.0
647;0.517477159496;0.0284057446135;0.1;10.0;1.30128532813;0.0118232055701;44.0
648;0.472435715339;0.020173920013;0.534622994473;10.0;1.60059975039;0.00302894707441;42.0
649;0.42063012503;0.0112217782868;1.20423767396;10.0;1.42719777598;0.00812557605962;49.0
650;0.394603837827;0.0;0.1;1.24856394751;1.09484197805;0.00708833994375;50.0
651;0.550615354481;0.031930752251;0.160173079601;6.38635689504;1.31318626851;0.00135885350076;26.0
652;0.647925053222;0.062077394686;0.1;10.0;1.2433385225;0.00169253418706;79.0
653;0.400778275;1.88909091331e-08;0.1;0.855400535292;1.07366174379;0.000636372936308;34.0
654;0.700303630315;0.0;0.1;2.84429789726;1.18848675144;0.00137386398577;30.0
655;0.539399376891;0.0;0.1;3.91156862105;1.23109498064;0.0035457656609;100.0
656;0.486309558051;0.0;0.1;1.0135694488;1.26292809143;0.00581054976072;55.0
657;0.50342712661;0.00038735450034;0.1;1.83626934499;1.09839333286;0.000308994011015;30.0
658;0.555603705021;0.033358691913;0.1;6.52345506926;1.35649207199;0.000243750838868;69.0
659;0.356691505813;0.0;0.1;0.0217670850271;1.21317959373;0.00236973404372;38.0
660;0.593033192862;0.0287010852005;0.1;7.65417996232;1.36198897694;0.00116207130067;97.0
661;0.618424549003;0.0;0.1;10.0;1.11970899919;0.00323359946159;40.0
662;0.515031936025;0.0;0.1;0.613940790182;1.21833355364;0.0134464427422;56.0
663;0.584224702677;0.0;0.1;7.47028439549;1.19777062483;0.0026389816446;79.0
664;0.45698135061;0.0;0.1;1.85962668692;1.16660586699;0.00518986627637;69.0
665;0.505944309314;0.0;0.401996817139;2.21362905902;1.34261089987;0.0024795255574;31.0
666;0.481555740823;0.0;0.1;0.614247518704;1.23543206153;0.00416756481981;44.0
667;0.634595168903;0.0;0.1;2.57313018405;1.17296193433;0.00740782450738;32.0
668;0.562682931838;0.0;0.1;1.34366455852;1.15748797443;0.00309161747209;42.0
669;0.591134857442;0.0872562370892;0.1;1.16213255723;1.2834554662;0.00150138830711;52.0
670;0.517179157593;0.0300777431817;0.518464381395;10.0;1.50046207983;0.00138155763302;39.0
671;0.528108634344;0.0990745084843;0.1;1.98325368656;1.19738859827;0.00622818211975;100.0
672;0.683099643855;0.0;0.1;1.68842879723;1.17632324209;0.0110924270993;100.0
673;0.613349674685;0.0;0.452709053449;1.07714030983;1.24802105019;0.00227193169854;30.0
674;0.546557652206;0.0254234470784;0.136939444987;4.199957335;1.3465513286;0.000891347377116;25.0
675;0.496075516932;0.061669844098;0.1;10.0;1.25612748097;0.00192345676354;42.0
676;0.564252539881;0.0;0.1;0.313190410867;1.22586554227;0.00169819732705;34.0
677;0.492714839355;0.0651074697671;0.1;2.40863791328;1.26401773686;0.00141013122381;83.0
678;0.416458804715;0.0111717649803;0.221047693754;8.54887992354;1.67463131497;0.000192121495588;45.0
679;0.627596682209;0.0724216855789;0.2456952154;10.0;1.24762680707;0.00106935959885;38.0
680;0.48849180482;0.0;0.1;0.943766700937;1.25084721981;0.00416373457124;58.0
681;0.465621320895;0.0212706905759;0.1;3.1017873945;1.36011908761;0.00185350632106;100.0
682;0.628120875306;0.0;0.1;0.0221080982019;1.34598116561;0.00682817502007;23.0
683;0.533330668114;0.0249606117826;0.323204490321;10.0;1.50375628832;0.0232932270342;67.0
684;0.466185515571;0.0222879024014;0.81464286197;10.0;1.73046970663;0.00314760531766;49.0
685;0.481161427411;0.0265821580736;0.722517160825;10.0;1.5728512973;0.00287236590497;46.0
686;0.587890797218;0.0337393867908;0.1;10.0;1.24192583051;0.00277364719236;41.0
687;0.460999538561;0.0332997225466;0.17570756128;10.0;1.49931410257;0.00123923315907;41.0
688;0.516963968392;0.0349511567855;0.1;10.0;1.23665919618;0.00117070538982;93.0
689;0.535116071341;0.0;0.1;1.95536975944;1.22948079651;0.00606560449016;51.0
690;0.466121294508;0.0457286685309;0.1;0.139971732572;1.59694086766;0.0106615341296;100.0
691;0.53151038098;0.0426230739188;0.170439121805;10.0;1.2483490327;0.00234764808995;34.0
692;0.62286845859;0.0;0.1;1.95763352358;1.26476457366;0.000439663582414;26.0
693;0.547188935405;0.0;0.1;2.47666976038;1.12011194277;0.00565086743424;48.0
694;0.44413213113;0.00977853524067;0.1;0.846348383688;1.94341103321;0.00175265714118;100.0
695;0.378115417531;0.0;0.1;0.176230934709;1.1153536391;0.0040843013554;93.0
696;0.575048041632;0.0333057354271;0.1;3.13878027831;1.43426167111;0.00272413845435;100.0
697;0.546102627099;0.0;0.380533440059;10.0;1.19422139881;0.0105188026751;31.0
698;0.524909839568;0.0;0.19777679771;10.0;1.18645505175;0.00285022307751;47.0
699;0.534206816648;0.0444761443122;0.343821315505;10.0;1.36221163052;0.00996079742861;33.0
700;0.63926005809;0.0;0.1;1.42258412565;1.16410153922;0.00147408596407;81.0
701;0.562906104428;0.0187836322476;0.1;10.0;1.4035998799;0.00498727880099;37.0
702;0.507464329461;0.0330460112915;0.42016363786;10.0;1.30263652832;0.00333593707682;31.0
703;0.665124208674;0.0727579213632;0.1;10.0;1.22480431501;0.00499364359979;36.0
704;0.509609114414;0.025828413561;0.1;0.512734451806;1.35845316073;0.00413271220719;100.0
705;0.456854001565;0.0193543451773;2.61273422367;10.0;1.91783184621;0.0158446954247;38.0
706;0.590772985914;0.0728524598591;0.1;1.74557816798;1.31098988479;0.00476982044392;100.0
707;0.352283078202;0.0;0.1;0.298506238567;1.14121141595;0.00848035659997;100.0
708;0.513019127666;0.0351891634291;0.1;10.0;1.39146767944;0.00960996519559;32.0
709;0.365644490911;0.0;0.1;0.237542723136;1.13040581108;0.00525409245683;35.0
710;0.548968951165;0.0318022082642;0.1;10.0;1.18801248322;0.00178068229829;96.0
711;0.468426615362;0.00815290950896;0.1;10.0;1.44603540061;0.00787223243459;100.0
712;0.423062294847;0.0195882073965;0.1;10.0;1.23382846938;0.00472419781828;43.0
713;0.501411403469;2.38370721962e-07;0.1;10.0;1.24015613431;0.00903453520716;34.0
714;0.40657178776;0.0405247474225;0.124180258511;10.0;1.3845012562;9.24155459227e-05;45.0
715;0.463162936984;0.0369466868595;0.512593265069;10.0;1.34345275057;0.00432719623638;69.0
716;0.426040612955;0.0354315446543;0.39682833792;10.0;1.34863440421;0.00371168210766;31.0
717;0.352826131873;0.0;0.1;3.86866355663;1.24218830006;0.00231908164282;66.0
718;0.362675739355;0.0;0.1;3.82584983574;1.24321780339;0.00224564876571;54.0
719;0.347564600535;0.0;0.1;1.24969230647;1.32186751917;0.00109708073525;75.0
720;0.907759516012;0.0;0.1;10.0;1.17828547821;0.0305821217244;32.0
721;0.591255192022;4.06652606167e-06;0.1;10.0;1.20703510897;0.003973007307;37.0
722;0.46651713359;0.0;0.1;10.0;1.1581356565;0.00770043410682;90.0
723;0.562164588145;0.042539223453;0.1;10.0;1.20303622038;0.0109731892961;40.0
724;0.570766138786;0.0;0.1;10.0;1.17126659985;0.0147857217535;35.0
725;0.405635402378;0.0;0.1;4.03980197508;1.14400766445;0.00425516868826;73.0
726;0.463595061162;0.0352478866288;0.1;10.0;1.26653064706;0.00129792255473;36.0
727;0.433019243831;0.0;0.1;3.87931621236;1.21255804363;0.00337693880306;62.0
728;0.459902769559;0.0;0.1;0.311182501463;1.26194943968;0.0027369750906;35.0
729;0.523261267497;0.0;0.1;10.0;1.1257929919;0.0181337649453;38.0
730;0.431039173705;0.0439390560864;0.1;10.0;1.27157011453;0.000811181638662;32.0
731;0.533660700776;0.0;0.1;10.0;1.15638944456;0.00806073686324;37.0
732;0.441870114596;0.0377554484573;0.1;10.0;1.20981860471;0.00272782035776;48.0
733;0.436336552823;0.0375960762953;0.1;10.0;1.24897122459;0.00145181811763;48.0
734;0.455336434844;0.0;0.1;1.08300412355;1.31611668603;0.00167118604644;44.0
735;0.416630889344;0.017183211631;0.105869151167;9.11235627701;1.1905808231;0.000126805231617;21.0
736;0.314465491833;0.0106488486487;0.376314790725;0.77565277798;1.37418920583;0.000270892713475;36.0
737;0.330660553913;0.000347278603905;0.1;0.930608502239;1.21397763668;0.00233726545125;46.0
738;0.436833830393;0.0;0.1;1.82100174459;1.22917125019;0.000526923269669;82.0
739;0.935429038186;0.0563383308563;0.1;10.0;1.29916615925;0.0350706901105;58.0
740;0.924331369414;0.101106810934;0.1;10.0;1.31151323345;0.0388644953191;100.0
741;0.489306177128;0.0;0.1;10.0;1.20713831372;0.00810070605854;36.0
742;0.615863808293;0.0520794526152;0.1;10.0;1.18630124841;0.0131337448625;37.0
743;0.576996826491;0.0;0.1;3.97642505446;1.17550648757;0.0022257203353;58.0
744;0.601377652514;0.0648872400411;0.1;10.0;1.20146127548;0.00745643187751;42.0
745;0.575198356044;0.0703728235335;0.358457304026;10.0;1.27870435041;0.00639537430942;49.0
746;0.564976207715;0.0;0.1;7.84755091703;1.14772018641;0.00267787475242;100.0
747;0.382486234891;0.0217075760598;0.1;10.0;1.21716288667;0.00370157151372;52.0
748;0.48328402336;0.0;0.1;10.0;1.20570271291;0.00312076155355;34.0
749;0.424568632957;0.0;0.1;0.937595487825;1.4107376923;0.00389603529815;52.0
750;0.93092153833;0.0478075674572;0.1;10.0;1.30237150219;0.0290192439426;100.0
751;0.882586272637;0.0588021082294;0.105548057153;10.0;1.26428161083;0.019121613042;33.0
752;0.595473473641;0.0680795318454;0.1;10.0;1.26138738064;0.00795805834071;31.0
753;0.554116559225;0.0;0.1;7.64427112493;1.14883235846;0.00259334397279;55.0
754;0.536428295811;0.0;0.456587019583;10.0;1.16909972472;0.00495134592009;30.0
755;0.598144165376;0.0;0.1;10.0;1.17047811752;0.00639147666148;58.0
756;0.503469365387;0.0454716241666;0.1;1.81104875003;1.26993400078;0.00521385452463;100.0
757;0.56737047892;0.0638859998977;1.15010800336;10.0;1.32337539607;0.0219611971934;41.0
758;0.424606471611;0.0;0.1;8.31719469148;1.17144835746;0.00154615395643;50.0
759;0.464408068526;0.0;0.1;10.0;1.23579039981;0.00376417524252;55.0
760;0.47009696848;0.0;0.1;3.14516426437;1.21285365141;0.00137777499777;77.0
761;0.934142242051;0.0619248899459;0.1;10.0;1.32774212337;0.0245071836288;59.0
762;0.901052885849;0.117480965486;0.1;10.0;1.25977879074;0.0269006855262;100.0
763;0.927878623773;0.0996606795901;0.1;10.0;1.31007736041;0.0376526405013;100.0
764;0.675440344225;0.0042917948528;0.1;10.0;1.1668718095;0.0235320030283;32.0
765;0.565769036242;0.0;0.1;10.0;1.13880347373;0.00736593655646;36.0
766;0.650119438809;0.0;0.1;10.0;1.20797640039;0.00648986071176;100.0
767;0.512899005136;0.0;0.1;9.29964417766;1.13458209805;0.00247161668384;100.0
768;0.641711190316;0.0;0.1;2.33032822921;1.23457036448;0.00161520895904;57.0
769;0.516467117601;0.0;0.1;3.9244587389;1.17562176975;0.00390476209068;100.0
770;0.57065315636;0.0;0.1;2.0899293037;1.22130952712;0.00261716904152;68.0
771;0.569312952586;0.0;0.1;10.0;1.16394211336;0.00418080632014;77.0
772;0.519602126152;0.0;0.1;8.97270778324;1.1783867336;0.000429248467437;68.0
773;0.924223858267;0.0499951833952;0.1;10.0;1.32553692889;0.0262612463965;61.0
774;0.916698652412;0.0600792516146;0.1;10.0;1.30623892708;0.0261843180822;100.0
775;0.572622003338;0.0;0.1;2.20821784151;1.18627252853;0.00150049462262;24.0
776;0.52180364346;0.0;0.1;10.0;1.13692931621;0.0103739068976;34.0
777;0.601389860578;0.0;0.1;10.0;1.16381454293;0.00746378262506;39.0
778;0.53073878858;0.0;0.1;5.32773890445;1.11988930568;0.00944408014309;52.0
779;0.482927796795;0.0;0.1;2.49464772371;1.18048413507;0.00351368818982;88.0
780;0.427421062436;0.0;0.1;0.772750714303;1.24200607091;0.00654150471353;41.0
781;0.388304197506;0.0;0.1;4.9339856745;1.1447532878;0.00291115668227;49.0
782;0.450385428866;0.0;0.1;7.2965066327;1.16590034409;0.00194512584833;46.0
783;0.376006272821;0.0;0.1;3.43208428148;1.24425014609;0.00162065496209;91.0
784;0.646800633003;0.0399491172718;0.1;10.0;1.28535738369;0.015305409755;34.0
785;0.541737656084;0.0497390083158;0.1;10.0;1.35124041765;0.0231724466547;81.0
786;0.605081698805;0.0286805024751;0.1;10.0;1.30938862069;0.0105656317472;64.0
787;0.653770515824;0.0482629399119;0.1;10.0;1.23008209925;0.0082561176401;40.0
788;0.634616666561;0.0348077202063;0.1;10.0;1.23857064238;0.00553297448743;45.0
789;0.622873341949;0.0386467995868;0.1;10.0;1.26151656506;0.00370563177874;43.0
790;0.451790833131;0.0508142048386;0.1;1.01113510742;1.38521759255;0.000417709495259;100.0
791;0.395374865881;0.0474678273989;0.1;2.2628806002;1.29019217439;0.00206505610273;95.0
792;0.455674423404;0.00346718282038;0.1;2.25965597888;1.26674882894;0.00418123602683;100.0
793;0.950812451332;0.0410208184322;0.1;10.0;1.39629288069;0.0142389594193;37.0
794;0.943494458801;0.0394136791271;0.104290617972;10.0;1.26841407903;0.0123081794449;32.0
795;0.941150585674;0.0462575548639;0.193606704051;4.7263595978;1.36154929054;0.00801534220408;22.0
796;0.578802242112;0.0501912419154;0.1;10.0;1.2309269911;0.013039398846;48.0
797;0.455244838528;0.0;0.1;4.87004249353;1.19541745505;0.00100855755004;47.0
798;0.506417168425;0.0210949400124;0.1;5.13442529343;1.20763740367;0.000506385381571;100.0
799;0.408442469596;0.0;0.1;6.1537133278;1.18440451725;0.000299564906417;43.0
800;0.503962643853;0.0;0.1;10.0;1.18467069176;0.00401294923249;37.0
801;0.435549756939;0.0;0.1;1.20679580161;1.19876479337;0.00187164839579;60.0
802;0.396921559641;0.0;0.1;4.88574560274;1.19248798952;0.003023106869;100.0
803;0.359274809887;0.0;0.1;0.818796466573;1.20644283127;0.00381427910387;80.0
804;0.337309199798;0.0;0.1;1.16634390679;1.2193799433;0.00300304182947;63.0
805;0.899687656266;0.117903439087;0.1;10.0;1.29990511634;0.0207348137623;32.0
806;0.926384643666;0.0760456703538;0.1;10.0;1.29275825773;0.0147195552897;100.0
807;0.915510019626;0.0799347761661;0.1;10.0;1.29462916928;0.0175095239359;33.0
808;0.487766787636;0.0;0.1;0.01;1.70454558473;0.00808234079944;33.0
809;0.647298192473;0.0;0.1;10.0;1.10571743918;0.0276254187758;37.0
810;0.562067559188;0.0;0.1;1.06059632248;1.14385581365;0.0287440322525;100.0
811;0.464439224351;0.0168855354289;1.41185281252;0.125140876831;1.6832455109;0.00137286165771;38.0
812;0.438223057039;0.0;0.1;10.0;1.18895946683;0.00497546007486;52.0
813;0.456062145886;0.0;0.1;0.348448328056;1.25861950161;0.0108829695556;39.0
814;0.47138039701;0.0;0.1;0.240280587966;1.24349740487;0.0188463848204;36.0
815;0.423289368213;0.00746356436779;0.1;10.0;1.29742231058;0.00554301593432;29.0
816;0.458096644577;0.00530690616334;1.43941994245;0.0821093823021;2.12774743156;0.00235142818148;37.0
817;0.922843287344;0.0515009177599;0.1;10.0;1.22954916747;0.0149985734244;39.0
818;0.438102386964;0.0223346011787;0.1;10.0;1.32306735438;0.00872900091098;64.0
819;0.448502229155;0.0174939282573;0.1;10.0;1.21006815473;0.00249760288526;45.0
820;0.511425452275;0.0;0.1;9.98772078807;1.17108232412;0.00223080343422;34.0
821;0.397157853098;0.0152764058215;0.1;10.0;1.2827628139;0.00188072114863;39.0
822;0.396473769359;0.031655131855;0.1;10.0;1.37078997987;0.00210691472515;100.0
823;0.628033357363;0.0;0.1;0.510768993496;1.15929582476;0.0247131273196;34.0
824;0.399288231416;0.0181598629244;0.1;10.0;1.35796606428;0.00132860326947;97.0
825;0.428977270926;0.0116243418333;0.205278351074;10.0;1.77921675252;0.00134102147299;37.0
826;0.386702278704;0.0197224299835;0.1;10.0;1.45697403029;0.00201114150249;51.0
827;0.467439901652;0.0187552817663;0.181362725713;10.0;1.4219813718;0.000370428164936;36.0
828;0.454081671109;0.0;0.1;1.56441057045;1.16897286037;0.0132118652525;44.0
829;0.433295361099;6.5354482263e-06;0.1;10.0;1.21149221954;0.00792078653816;40.0
830;0.446246617068;0.00760224318783;0.1;2.19941167367;1.71344140696;0.000458975004488;100.0
831;0.435768963095;0.0139110719228;1.51605460195;10.0;1.44369153638;0.0107689459158;52.0
832;0.452558854083;0.0;0.1;10.0;1.24647378654;0.00351056394727;39.0
833;0.420991226701;0.00375171021744;0.1;2.13657994258;1.76275957576;0.000522168514804;100.0
834;0.436530584757;0.00476826751751;0.698641480349;10.0;1.49487454106;0.00625538976112;37.0
835;0.455217405309;0.0;0.1;0.664392654863;1.22169796647;0.0145882681715;42.0
836;0.939287698982;0.0441343516703;0.1;10.0;1.37545616271;0.0410110183595;100.0
837;0.9449426179;0.0587631825577;0.1;10.0;1.4095047015;0.0342668580205;100.0
838;0.531755726433;0.021708970685;0.1;10.0;1.45612967441;0.0346820079999;100.0
839;0.584441084341;0.0;0.1;10.0;1.18405907352;0.0224893531972;30.0
840;0.586196512701;0.0;0.1;10.0;1.14981833015;0.020699015271;35.0
841;0.453154483428;0.0151486242706;0.1;10.0;1.288789488;0.00329118402245;42.0
842;0.522092649094;0.0190469028447;1.53376090995;10.0;1.53095609448;0.0304485839707;46.0
843;0.576880346117;0.0;0.997322820156;10.0;1.29428136082;0.0228567073758;30.0
844;0.47780005755;0.0;0.1;2.79587132771;1.23012083924;0.00426960353686;68.0
845;0.49439747829;0.0;0.1;2.76725685162;1.17739675244;0.0127136824191;81.0
846;0.426121186398;0.0;0.30795219932;1.52182027798;1.30840454485;0.0076835050154;42.0
847;0.825452996695;0.119552729329;0.1;10.0;1.3492057172;0.00540107696828;100.0
848;0.636991947123;0.0324909751504;0.1;10.0;1.29143353835;0.0134286634295;45.0
849;0.521943567849;1.77197695185e-05;0.1;10.0;1.18886253192;0.00109673677801;41.0
850;0.507224806583;0.0346612951115;0.1;10.0;1.31984161134;0.0170380888502;59.0
851;0.530339387973;0.0468325119161;0.1;10.0;1.32250468388;0.00638449709703;55.0
852;0.389582609119;0.0502293890979;0.1;10.0;1.26289501989;0.00203489231278;39.0
853;0.515083836356;0.0;0.1;4.12061867704;1.25856975686;0.00108813553487;100.0
854;0.390443189231;0.0230800006309;0.1;5.42370047479;1.44114311215;0.00200240985355;100.0
855;0.382520070748;0.0110953109318;0.210632455768;10.0;1.91832780149;0.00162235881641;40.0
856;0.459219193768;0.0111328268232;0.165263537466;10.0;1.54216981041;0.000600900987211;60.0
857;0.916236554833;0.0488969848744;0.1;10.0;1.20334960246;0.031670580312;43.0
858;0.527510552773;0.0774457563986;0.1;10.0;1.21403307063;0.00482703020049;45.0
859;0.585683248295;0.0244104189691;0.1;10.0;1.34093490741;0.0356917950887;100.0
860;0.535191220735;0.0602651053177;0.1;10.0;1.29268742378;0.00976749846404;39.0
861;0.409320858844;0.0199770599064;0.1;10.0;1.37604014659;0.00215668321318;100.0
862;0.525854830759;0.0402882553774;0.1;10.0;1.2752597434;0.00866573198294;37.0
863;0.435999658923;0.0530497420796;0.1;10.0;1.32144726166;0.00221941302167;37.0
864;0.37441380718;0.0112368617728;0.1;0.877215492318;2.23423768545;0.00146921475063;100.0
865;0.348441980872;0.0118697924203;0.1;10.0;1.46447673994;0.000797550688648;42.0
866;0.358589733795;0.0152272657287;0.133144438605;10.0;1.59448020716;0.000656330407858;31.0
867;0.472222136073;0.0218197341867;0.1;10.0;1.37101987939;0.00239606708338;70.0
868;0.483374157125;0.0243938788949;0.1;10.0;1.28424823701;0.00556716038704;43.0
869;0.492909977021;0.023131293237;0.1;10.0;1.66271932684;0.020848514919;100.0
870;0.419027169116;0.00823710967541;0.1;10.0;1.4565595904;0.00459863985135;40.0
871;0.369916453996;0.0201260046575;0.386809451706;10.0;1.40785905345;0.00452292289252;37.0
872;0.444484700278;0.0199252052717;0.1;10.0;1.32972832932;0.00597835599439;45.0
873;0.394742335447;0.00679186559361;0.1;10.0;1.7158568102;0.000656920341453;100.0
874;0.433712808862;0.00576049585913;0.1;0.903402739136;2.28049069687;0.00366292155335;100.0
875;0.403506364954;0.00818793570669;0.181263705488;10.0;1.52246815035;0.000260647175172;31.0
876;0.512814965485;0.0129312067144;0.1;10.0;1.27183153449;0.00706579448758;50.0
877;0.450391921642;0.0305139549891;0.1;6.88813487016;1.33652313828;0.0015715805793;85.0
878;0.520265507439;0.039152985632;0.1;10.0;1.30721510943;0.00335514317207;100.0
879;0.524042160408;0.046172408718;0.1;4.93332370846;1.35321447762;0.00198468427343;82.0
880;0.459716157251;0.0202364766665;0.1;2.3668961673;1.49000512823;0.00349643158252;100.0
881;0.461687611417;0.00514961860277;0.1;9.03523742573;1.25839493436;0.000683343323405;100.0
882;0.417739505038;0.00508479705699;0.1;0.855361981474;2.23815037466;0.004562610034;100.0
883;0.430694221982;0.00782733048862;0.704610839038;10.0;1.73702039334;0.00469863214833;61.0
884;0.400446995752;0.0221775480657;0.440053764106;10.0;1.43672607295;0.00578584343603;34.0
885;0.51161182495;0.0153781469535;0.1;10.0;1.24659457886;0.00225739897056;100.0
886;0.526409165396;0.0326592257961;0.1;10.0;1.40107271801;0.00285392122315;75.0
887;0.454885987904;0.0259137619925;0.1;7.48981101936;1.3145747138;0.00112268418076;100.0
888;0.426270542186;0.0268044455894;0.175795629716;10.0;1.33340907596;6.49760932764e-05;32.0
889;0.446543885172;0.00898378251274;0.1;5.79399155281;1.67653604847;0.00040691463748;100.0
890;0.435266866861;0.0216442965196;0.108011926686;10.0;1.39209256578;0.000260077901813;43.0
891;0.416257148871;0.00810334824426;0.548740432596;10.0;1.58176297482;0.00624869491566;41.0
892;0.424265806995;0.0;0.1;10.0;1.28362980693;0.00098239252169;31.0
893;0.439943489857;0.00748064512298;0.640837551565;10.0;1.77519285847;0.00641765255007;86.0
